endpoint_identifier,model,entry_idx,output,reasoning,message,others
https://seshat-db.com/api/ec/luxury-drink-alcohol/,gemini-3.1-flash-lite,0,"REASONING: The Chandra Dynasty, which ruled in the Bengal region during this period, was influenced by surrounding Indian courtly traditions where fermented beverages like sura and various spiced wines were consumed as status symbols among the elite. Given the cultural continuity in the region during the Pala and Sena eras, it is historically inferred that luxury alcoholic beverages were part of aristocratic consumption.

ANSWER: A","","[{""role"": ""system"", ""content"": ""\n            You are a history expert with extensive knowledge of global history.\n        \n\n            You will be tasked to answer multiple-choice questions concerning the historical presence or absence of characteristics within the specified polity and time-frame, considering both direct evidence and historical inference. \n            The questions are always followed by the corresponding answer options.\n            Even if you are unsure always provide an answer based on the schema, only provide the corresponding letter, and don't continue writing after giving an answer.\n            \n            \""Output your reasoning and answer in the following format:\n\""\n            \""REASONING: <1-3 sentences>\n\""\n            \""ANSWER: <letter>\n\""\n            \""Do not include any other text.\""\n        \n            Do not output anything after this line.\n        ""}, {""role"": ""user"", ""content"": ""During the period from 900 CE to 1050 CE, was 'Luxury Drink Alcohol' \u2013 defined as alcoholic beverages recognized and consumed as luxury items \u2013 present or absent within 'Chandra Dynasty'? Strictly choose the correct label from the unordered set: {B, A, C}. B = absent, A = present, C = unknown""}]","{""usage.total_tokens"": 317, ""temperature"": 1}"
https://seshat-db.com/api/ec/luxury-drink-alcohol/,gemini-3.1-flash-lite,1,"REASONING: In the Kingdom of Burundi during this period, honey-based beverages like 'ubuki' (mead) were central to royal rituals and social hierarchies, serving as a distinct marker of elite status and prestige. These beverages were produced and consumed under controlled conditions, fulfilling the criteria for luxury alcohol associated with ceremonial exclusivity.

ANSWER: A","","[{""role"": ""system"", ""content"": ""\n            You are a history expert with extensive knowledge of global history.\n        \n\n            You will be tasked to answer multiple-choice questions concerning the historical presence or absence of characteristics within the specified polity and time-frame, considering both direct evidence and historical inference. \n            The questions are always followed by the corresponding answer options.\n            Even if you are unsure always provide an answer based on the schema, only provide the corresponding letter, and don't continue writing after giving an answer.\n            \n            \""Output your reasoning and answer in the following format:\n\""\n            \""REASONING: <1-3 sentences>\n\""\n            \""ANSWER: <letter>\n\""\n            \""Do not include any other text.\""\n        \n            Do not output anything after this line.\n        ""}, {""role"": ""user"", ""content"": ""During the period from 1680 CE to 1903 CE in 'Burundi', was 'Luxury Drink Alcohol' \u2013 understood as alcoholic beverages whose production, consumption, or trade was distinctly associated with elite status, significant economic value, or ceremonial exclusivity \u2013 present or absent? Strictly choose the correct label from the unordered set: {A, C, B}. A = present, C = unknown, B = absent""}]","{""usage.total_tokens"": 325, ""temperature"": 1}"
https://seshat-db.com/api/ec/luxury-drink-alcohol/,gemini-3.1-flash-lite,2,"REASONING: The Hmong in the Late Qing period lived primarily in mountainous, agrarian communities that functioned largely outside the elite, market-driven mechanisms required for the social stratification of 'luxury' alcohols. Historical evidence for this region and era indicates that while alcohol was produced and consumed, it was typically artisanal, fermented grain-based liquor used for ritual or social cohesion rather than as a marker of elite status or conspicuous consumption.

ANSWER: B","","[{""role"": ""system"", ""content"": ""\n            You are a history expert with extensive knowledge of global history.\n        \n\n            You will be tasked to answer multiple-choice questions concerning the historical presence or absence of characteristics within the specified polity and time-frame, considering both direct evidence and historical inference. \n            The questions are always followed by the corresponding answer options.\n            Even if you are unsure always provide an answer based on the schema, only provide the corresponding letter, and don't continue writing after giving an answer.\n            \n            \""Output your reasoning and answer in the following format:\n\""\n            \""REASONING: <1-3 sentences>\n\""\n            \""ANSWER: <letter>\n\""\n            \""Do not include any other text.\""\n        \n            Do not output anything after this line.\n        ""}, {""role"": ""user"", ""content"": ""During the period from 1701 CE to 1895 CE, did 'Luxury Drink Alcohol', defined as alcoholic beverages whose consumption was primarily associated with elite status, high cost, and conspicuous display, constitute a discernible category of goods within 'Hmong - Late Qing'? Strictly choose the correct label from the unordered set: {C, A, B}. C = unknown, A = present, B = absent""}]","{""usage.total_tokens"": 343, ""temperature"": 1}"
https://seshat-db.com/api/ec/luxury-drink-alcohol/,gemini-3.1-flash-lite,3,"REASONING: During this period, Hmong communities in Southern China maintained traditional social and ritual structures where rice-based distilled spirits were integral to communal ceremonies, ancestral rites, and hospitality, fulfilling the criteria of ceremonial consumption. While these were produced locally, their role in specialized social functions and the socio-economic prestige attached to high-quality homemade brews aligns with the definition of exclusive/ceremonial alcohol.

ANSWER: A","","[{""role"": ""system"", ""content"": ""\n            You are a history expert with extensive knowledge of global history.\n        \n\n            You will be tasked to answer multiple-choice questions concerning the historical presence or absence of characteristics within the specified polity and time-frame, considering both direct evidence and historical inference. \n            The questions are always followed by the corresponding answer options.\n            Even if you are unsure always provide an answer based on the schema, only provide the corresponding letter, and don't continue writing after giving an answer.\n            \n            \""Output your reasoning and answer in the following format:\n\""\n            \""REASONING: <1-3 sentences>\n\""\n            \""ANSWER: <letter>\n\""\n            \""Do not include any other text.\""\n        \n            Do not output anything after this line.\n        ""}, {""role"": ""user"", ""content"": ""Considering the period from 1895 CE to 1941 CE within 'Hmong - Early Chinese', was there evidence of 'Luxury Drink Alcohol' \u2013 understood as alcoholic beverages distinguished by their high cost, rarity, or exclusive social and ceremonial consumption \u2013 being present or absent? Strictly choose the correct label from the unordered set: {B, A, C}. B = absent, A = present, C = unknown""}]","{""usage.total_tokens"": 341, ""temperature"": 1}"
https://seshat-db.com/api/ec/luxury-drink-alcohol/,gemini-3.1-flash-lite,4,"REASONING: During the Spring and Autumn period, the State of Jin maintained a highly stratified aristocratic society where elaborate bronze vessels, specifically those designated for storing and consuming fermented grain alcohol (like *zun* and *lei*), were central to ritual and elite feasting culture. These vessels and the regulated consumption of wine functioned as critical markers of rank, status, and socio-political legitimacy within the Jin hierarchy.

ANSWER: A","","[{""role"": ""system"", ""content"": ""\n            You are a history expert with extensive knowledge of global history.\n        \n\n            You will be tasked to answer multiple-choice questions concerning the historical presence or absence of characteristics within the specified polity and time-frame, considering both direct evidence and historical inference. \n            The questions are always followed by the corresponding answer options.\n            Even if you are unsure always provide an answer based on the schema, only provide the corresponding letter, and don't continue writing after giving an answer.\n            \n            \""Output your reasoning and answer in the following format:\n\""\n            \""REASONING: <1-3 sentences>\n\""\n            \""ANSWER: <letter>\n\""\n            \""Do not include any other text.\""\n        \n            Do not output anything after this line.\n        ""}, {""role"": ""user"", ""content"": ""During the period from 780 BCE to 404 BCE, considering the socio-economic and cultural landscape of 'Jin', was 'Luxury Drink Alcohol' \u2013 defined as alcoholic beverages whose production, trade, or consumption patterns distinctly marked them as high-value commodities or symbols of elite status \u2013 demonstrably present or absent? Strictly choose the correct label from the unordered set: {B, A, C}. B = absent, A = present, C = unknown""}]","{""usage.total_tokens"": 350, ""temperature"": 1}"
https://seshat-db.com/api/ec/luxury-drink-alcohol/,gemini-3.1-flash-lite,5,"REASONING: During the Ming Dynasty, alcohol production and consumption were highly developed, with high-quality rice wines and distilled spirits (baijiu) serving as prominent markers of social status and luxury in elite urban life and the imperial court. Alcohol was a significant commodity subject to government taxation and trade regulations, clearly establishing it as a recognized category of luxury consumption.

ANSWER: A","","[{""role"": ""system"", ""content"": ""\n            You are a history expert with extensive knowledge of global history.\n        \n\n            You will be tasked to answer multiple-choice questions concerning the historical presence or absence of characteristics within the specified polity and time-frame, considering both direct evidence and historical inference. \n            The questions are always followed by the corresponding answer options.\n            Even if you are unsure always provide an answer based on the schema, only provide the corresponding letter, and don't continue writing after giving an answer.\n            \n            \""Output your reasoning and answer in the following format:\n\""\n            \""REASONING: <1-3 sentences>\n\""\n            \""ANSWER: <letter>\n\""\n            \""Do not include any other text.\""\n        \n            Do not output anything after this line.\n        ""}, {""role"": ""user"", ""content"": ""During the period from 1368 CE to 1644 CE, was 'Luxury Drink Alcohol' present or absent as a distinct and recognized category of consumption or trade within 'Great Ming'? Strictly choose the correct label from the unordered set: {C, B, A}. C = unknown, B = absent, A = present""}]","{""usage.total_tokens"": 315, ""temperature"": 1}"
https://seshat-db.com/api/ec/luxury-drink-alcohol/,gemini-3.1-flash-lite,6,"REASONING: During the Early Qing period, high-quality distilled spirits such as Fenjiu and Maotai were deeply integrated into elite social life, banquets, and official ceremonies as markers of status and wealth. These beverages were highly valued commodities subject to significant market exchange and consumption protocols among the aristocracy and scholar-official class.

ANSWER: A","","[{""role"": ""system"", ""content"": ""\n            You are a history expert with extensive knowledge of global history.\n        \n\n            You will be tasked to answer multiple-choice questions concerning the historical presence or absence of characteristics within the specified polity and time-frame, considering both direct evidence and historical inference. \n            The questions are always followed by the corresponding answer options.\n            Even if you are unsure always provide an answer based on the schema, only provide the corresponding letter, and don't continue writing after giving an answer.\n            \n            \""Output your reasoning and answer in the following format:\n\""\n            \""REASONING: <1-3 sentences>\n\""\n            \""ANSWER: <letter>\n\""\n            \""Do not include any other text.\""\n        \n            Do not output anything after this line.\n        ""}, {""role"": ""user"", ""content"": ""During the period from 1644 CE to 1796 CE in 'Early Qing', was 'Luxury Drink Alcohol' \u2013 understood as a distinct category of alcoholic beverages valued for their rarity, cost, or social prestige \u2013 demonstrably present and utilized in significant social, economic, or political contexts? Strictly choose the correct label from the unordered set: {A, C, B}. A = present, C = unknown, B = absent""}]","{""usage.total_tokens"": 331, ""temperature"": 1}"
https://seshat-db.com/api/ec/luxury-drink-alcohol/,gemini-3.1-flash-lite,7,"REASONING: During the Qing Dynasty, high-quality spirits such as Fenjiu and Shaoxing rice wines served as essential markers of status, used in formal banquets, elite gift-giving, and scholarly culture, thereby establishing them as distinct prestige goods.

ANSWER: A","","[{""role"": ""system"", ""content"": ""\n            You are a history expert with extensive knowledge of global history.\n        \n\n            You will be tasked to answer multiple-choice questions concerning the historical presence or absence of characteristics within the specified polity and time-frame, considering both direct evidence and historical inference. \n            The questions are always followed by the corresponding answer options.\n            Even if you are unsure always provide an answer based on the schema, only provide the corresponding letter, and don't continue writing after giving an answer.\n            \n            \""Output your reasoning and answer in the following format:\n\""\n            \""REASONING: <1-3 sentences>\n\""\n            \""ANSWER: <letter>\n\""\n            \""Do not include any other text.\""\n        \n            Do not output anything after this line.\n        ""}, {""role"": ""user"", ""content"": ""During the period from 1796 CE to 1912 CE in 'Late Qing', was 'Luxury Drink Alcohol' \u2013 defined as alcoholic beverages explicitly consumed or recognized as high-status, non-staple, or prestige goods \u2013 present or absent as a distinct socio-economic category? Strictly choose the correct label from the unordered set: {B, A, C}. B = absent, A = present, C = unknown""}]","{""usage.total_tokens"": 315, ""temperature"": 1}"
https://seshat-db.com/api/ec/luxury-drink-alcohol/,gemini-3.1-flash-lite,8,"REASONING: During the Yuan Dynasty, the production and consumption of luxury alcoholic beverages, such as refined grape wines (araki/distilled spirits) and fermented drinks, were highly valued among the Mongol elite and served as essential elements in state banquets and ceremonial functions. These drinks were subject to complex state regulations and taxation, confirming their status as high-value, socially significant goods.

ANSWER: A","","[{""role"": ""system"", ""content"": ""\n            You are a history expert with extensive knowledge of global history.\n        \n\n            You will be tasked to answer multiple-choice questions concerning the historical presence or absence of characteristics within the specified polity and time-frame, considering both direct evidence and historical inference. \n            The questions are always followed by the corresponding answer options.\n            Even if you are unsure always provide an answer based on the schema, only provide the corresponding letter, and don't continue writing after giving an answer.\n            \n            \""Output your reasoning and answer in the following format:\n\""\n            \""REASONING: <1-3 sentences>\n\""\n            \""ANSWER: <letter>\n\""\n            \""Do not include any other text.\""\n        \n            Do not output anything after this line.\n        ""}, {""role"": ""user"", ""content"": ""During the period from 1271 CE to 1368 CE, in the context of 'Great Yuan', was 'Luxury Drink Alcohol' \u2013 understood as alcoholic beverages whose consumption was primarily associated with elite status, ceremonial significance, or high economic value \u2013 present or absent as a recognized category of goods? Strictly choose the correct label from the unordered set: {B, A, C}. B = absent, A = present, C = unknown""}]","{""usage.total_tokens"": 342, ""temperature"": 1}"
https://seshat-db.com/api/ec/luxury-drink-alcohol/,gemini-3.1-flash-lite,9,"REASONING: The Shuar, during this period, primarily consumed chicha (maiz or manioc beer), which was a staple dietary item and communal drink rather than a commodity denoting elite socio-economic status or significant capital investment. While central to social and ceremonial life, it functioned as an egalitarian, widespread cultural practice rather than a luxury good serving as a marker of class stratification.

ANSWER: B","","[{""role"": ""system"", ""content"": ""\n            You are a history expert with extensive knowledge of global history.\n        \n\n            You will be tasked to answer multiple-choice questions concerning the historical presence or absence of characteristics within the specified polity and time-frame, considering both direct evidence and historical inference. \n            The questions are always followed by the corresponding answer options.\n            Even if you are unsure always provide an answer based on the schema, only provide the corresponding letter, and don't continue writing after giving an answer.\n            \n            \""Output your reasoning and answer in the following format:\n\""\n            \""REASONING: <1-3 sentences>\n\""\n            \""ANSWER: <letter>\n\""\n            \""Do not include any other text.\""\n        \n            Do not output anything after this line.\n        ""}, {""role"": ""user"", ""content"": ""During the period from 1831 CE to 1931 CE in 'Shuar - Ecuadorian', was 'Luxury Drink Alcohol' \u2013 understood as alcoholic beverages whose production, consumption, or trade was primarily indicative of elite status, significant economic investment, or specific ceremonial functions \u2013 a discernible and impactful socio-economic category? Strictly choose the correct label from the unordered set: {A, C, B}. A = present, C = unknown, B = absent""}]","{""usage.total_tokens"": 345, ""temperature"": 1}"
https://seshat-db.com/api/ec/luxury-drink-alcohol/,gemini-3.1-flash-lite,10,"REASONING: While Islamic law formally prohibited alcohol, historical accounts and archaeological evidence from Ayyubid-era urban centers confirm that elites, including members of the Ayyubid dynasty and the urban upper class, frequently consumed wine as a luxury good in social and courtly settings. This practice was well-documented in literature, poetry, and material culture of the period.

ANSWER: A","","[{""role"": ""system"", ""content"": ""\n            You are a history expert with extensive knowledge of global history.\n        \n\n            You will be tasked to answer multiple-choice questions concerning the historical presence or absence of characteristics within the specified polity and time-frame, considering both direct evidence and historical inference. \n            The questions are always followed by the corresponding answer options.\n            Even if you are unsure always provide an answer based on the schema, only provide the corresponding letter, and don't continue writing after giving an answer.\n            \n            \""Output your reasoning and answer in the following format:\n\""\n            \""REASONING: <1-3 sentences>\n\""\n            \""ANSWER: <letter>\n\""\n            \""Do not include any other text.\""\n        \n            Do not output anything after this line.\n        ""}, {""role"": ""user"", ""content"": ""Considering the period from 1171 CE to 1250 CE in 'Ayyubid Sultanate', was  Luxury Drink Alcohol,  defined as alcoholic beverages whose consumption was primarily associated with elite status, high cost, rarity, or specific ceremonial/social display, present or absent? Strictly choose the correct label from the unordered set: {B, A, C}. B = absent, A = present, C = unknown""}]","{""usage.total_tokens"": 338, ""temperature"": 1}"
https://seshat-db.com/api/ec/luxury-drink-alcohol/,gemini-3.1-flash-lite,11,"REASONING: During the 25th Dynasty, the Kushite elite adopted Egyptian court culture, which prominently featured fine wines and high-quality beer as symbols of prestige and social status, supported by trade and specialized production.

ANSWER: A","","[{""role"": ""system"", ""content"": ""\n            You are a history expert with extensive knowledge of global history.\n        \n\n            You will be tasked to answer multiple-choice questions concerning the historical presence or absence of characteristics within the specified polity and time-frame, considering both direct evidence and historical inference. \n            The questions are always followed by the corresponding answer options.\n            Even if you are unsure always provide an answer based on the schema, only provide the corresponding letter, and don't continue writing after giving an answer.\n            \n            \""Output your reasoning and answer in the following format:\n\""\n            \""REASONING: <1-3 sentences>\n\""\n            \""ANSWER: <letter>\n\""\n            \""Do not include any other text.\""\n        \n            Do not output anything after this line.\n        ""}, {""role"": ""user"", ""content"": ""During the period from 747 BCE to 656 BCE in 'Egypt - Kushite Period', was 'Luxury Drink Alcohol' \u2013 defined as alcoholic beverages whose production, acquisition, or consumption was primarily associated with elite status, significant economic expenditure, specialized craftsmanship, or long-distance trade, thereby distinguishing them from common or subsistence-level alcoholic beverages \u2013 present or absent? Strictly choose the correct label from the unordered set: {A, B, C}. A = present, B = absent, C = unknown""}]","{""usage.total_tokens"": 323, ""temperature"": 1}"
https://seshat-db.com/api/ec/luxury-drink-alcohol/,gemini-3.1-flash-lite,12,"REASONING: The Mamluk elite, despite formal Islamic prohibitions, frequently engaged in the consumption of expensive wines and imported spirits, often sourced through clandestine trade or produced in specialized facilities, which served as markers of status and aristocratic social gatherings. This luxury consumption is well-documented in historical accounts of court life and urban elite lifestyles during the Burji Mamluk period.

ANSWER: A","","[{""role"": ""system"", ""content"": ""\n            You are a history expert with extensive knowledge of global history.\n        \n\n            You will be tasked to answer multiple-choice questions concerning the historical presence or absence of characteristics within the specified polity and time-frame, considering both direct evidence and historical inference. \n            The questions are always followed by the corresponding answer options.\n            Even if you are unsure always provide an answer based on the schema, only provide the corresponding letter, and don't continue writing after giving an answer.\n            \n            \""Output your reasoning and answer in the following format:\n\""\n            \""REASONING: <1-3 sentences>\n\""\n            \""ANSWER: <letter>\n\""\n            \""Do not include any other text.\""\n        \n            Do not output anything after this line.\n        ""}, {""role"": ""user"", ""content"": ""Considering the period from 1412 CE to 1517 CE within 'Egypt - Mamluk Sultanate III', was 'Luxury Drink Alcohol' \u2013 defined as alcoholic beverages distinguished by their high cost, rarity, exotic origin, complex production methods, or restricted access, whose consumption was primarily associated with elite social strata, ceremonial practices, or significant displays of wealth and status \u2013 present or absent? Strictly choose the correct label from the unordered set: {C, A, B}. C = unknown, A = present, B = absent""}]","{""usage.total_tokens"": 358, ""temperature"": 1}"
https://seshat-db.com/api/ec/luxury-drink-alcohol/,gemini-3.1-flash-lite,13,"REASONING: Wine, particularly from the Nile Delta and imported varieties, was a highly valued commodity in the Saite period, frequently used in elite contexts, temple offerings, and funerary rituals as a marker of status and wealth.
ANSWER: A","","[{""role"": ""system"", ""content"": ""\n            You are a history expert with extensive knowledge of global history.\n        \n\n            You will be tasked to answer multiple-choice questions concerning the historical presence or absence of characteristics within the specified polity and time-frame, considering both direct evidence and historical inference. \n            The questions are always followed by the corresponding answer options.\n            Even if you are unsure always provide an answer based on the schema, only provide the corresponding letter, and don't continue writing after giving an answer.\n            \n            \""Output your reasoning and answer in the following format:\n\""\n            \""REASONING: <1-3 sentences>\n\""\n            \""ANSWER: <letter>\n\""\n            \""Do not include any other text.\""\n        \n            Do not output anything after this line.\n        ""}, {""role"": ""user"", ""content"": ""Was 'Luxury Drink Alcohol' \u2013 defined as alcoholic beverages whose consumption was primarily associated with elite status, ritualistic significance, or conspicuous display of wealth \u2013 demonstrably present or absent in 'Egypt - Saite Period' during the period from 664 BCE to 525 BCE? Strictly choose the correct label from the unordered set: {C, A, B}. C = unknown, A = present, B = absent""}]","{""usage.total_tokens"": 306, ""temperature"": 1}"
https://seshat-db.com/api/ec/luxury-drink-alcohol/,gemini-3.1-flash-lite,14,"REASONING: The Kingdom of Medri Bahri had an established social hierarchy where elite consumption of traditional fermented beverages like *mies* (honey wine) and *siwa* (beer) was a central component of ceremonial hospitality and social status. These drinks were often produced or imported under the control of the nobility and regional rulers as a display of wealth and prestige.

ANSWER: A","","[{""role"": ""system"", ""content"": ""\n            You are a history expert with extensive knowledge of global history.\n        \n\n            You will be tasked to answer multiple-choice questions concerning the historical presence or absence of characteristics within the specified polity and time-frame, considering both direct evidence and historical inference. \n            The questions are always followed by the corresponding answer options.\n            Even if you are unsure always provide an answer based on the schema, only provide the corresponding letter, and don't continue writing after giving an answer.\n            \n            \""Output your reasoning and answer in the following format:\n\""\n            \""REASONING: <1-3 sentences>\n\""\n            \""ANSWER: <letter>\n\""\n            \""Do not include any other text.\""\n        \n            Do not output anything after this line.\n        ""}, {""role"": ""user"", ""content"": ""During the period from 1310 CE to 1889 CE in 'Medri Bahri', was 'Luxury Drink Alcohol' \u2013 defined as alcoholic beverages primarily consumed by elites, at high cost, or for ceremonial exclusivity \u2013 present or absent? Strictly choose the correct label from the unordered set: {A, C, B}. A = present, C = unknown, B = absent""}]","{""usage.total_tokens"": 327, ""temperature"": 1}"
https://seshat-db.com/api/ec/luxury-drink-alcohol/,gemini-3.1-flash-lite,15,"REASONING: During this period, the Spanish Empire engaged in the trade and consumption of high-status imported alcoholic beverages such as fine European wines (e.g., Sherry, Madeira) and brandies, which served as markers of elite social status and were essential in colonial ritual and high-value commerce. These luxury spirits and fortified wines were distinct from the daily sustenance drinks of the lower classes, establishing them as influential goods.

ANSWER: A","","[{""role"": ""system"", ""content"": ""\n            You are a history expert with extensive knowledge of global history.\n        \n\n            You will be tasked to answer multiple-choice questions concerning the historical presence or absence of characteristics within the specified polity and time-frame, considering both direct evidence and historical inference. \n            The questions are always followed by the corresponding answer options.\n            Even if you are unsure always provide an answer based on the schema, only provide the corresponding letter, and don't continue writing after giving an answer.\n            \n            \""Output your reasoning and answer in the following format:\n\""\n            \""REASONING: <1-3 sentences>\n\""\n            \""ANSWER: <letter>\n\""\n            \""Do not include any other text.\""\n        \n            Do not output anything after this line.\n        ""}, {""role"": ""user"", ""content"": ""During the period from 1516 CE to 1715 CE in 'Spanish Empire I', was 'Luxury Drink Alcohol' \u2013 defined as alcoholic beverages whose production, consumption, or trade was primarily associated with elite status, ritual significance, or high-value economic exchange, rather than widespread daily sustenance \u2013 demonstrably present as a distinct and influential category of goods? Strictly choose the correct label from the unordered set: {A, C, B}. A = present, C = unknown, B = absent""}]","{""usage.total_tokens"": 362, ""temperature"": 1}"
https://seshat-db.com/api/ec/luxury-drink-alcohol/,gemini-3.1-flash-lite,16,"REASONING: The Kingdom of Gomma, one of the Gibe states in the Gilgel Gibe region of Ethiopia, participated in regional trade networks where local beverages like honey wine (tej) and coffee were consumed, but alcohol was not formalized as a distinct luxury trade category comparable to commodity imports in contemporary states. Given the scarcity of specific historical records documenting a specialized luxury alcohol trade sector for this polity during this timeframe, the presence of such a category is not historically verifiable.

ANSWER: C","","[{""role"": ""system"", ""content"": ""\n            You are a history expert with extensive knowledge of global history.\n        \n\n            You will be tasked to answer multiple-choice questions concerning the historical presence or absence of characteristics within the specified polity and time-frame, considering both direct evidence and historical inference. \n            The questions are always followed by the corresponding answer options.\n            Even if you are unsure always provide an answer based on the schema, only provide the corresponding letter, and don't continue writing after giving an answer.\n            \n            \""Output your reasoning and answer in the following format:\n\""\n            \""REASONING: <1-3 sentences>\n\""\n            \""ANSWER: <letter>\n\""\n            \""Do not include any other text.\""\n        \n            Do not output anything after this line.\n        ""}, {""role"": ""user"", ""content"": ""During the period from 1780 CE to 1886 CE, was 'Luxury Drink Alcohol' present as a distinct category of consumption or trade within 'Kingdom of Gomma'? Strictly choose the correct label from the unordered set: {A, B, C}. A = present, B = absent, C = unknown""}]","{""usage.total_tokens"": 336, ""temperature"": 1}"
https://seshat-db.com/api/ec/luxury-drink-alcohol/,gemini-3.1-flash-lite,17,"REASONING: The Kingdom of Gumma, one of the Gibe states in the 19th-century Ethiopian region, had an economy based on agriculture and trade. While fermented beverages like tej (honey wine) were produced and consumed, there is insufficient historical documentation to classify them as ""luxury drinks"" restricted primarily to elite status or specialized ceremonial spheres in the specific sense required by the definition.

ANSWER: C","","[{""role"": ""system"", ""content"": ""\n            You are a history expert with extensive knowledge of global history.\n        \n\n            You will be tasked to answer multiple-choice questions concerning the historical presence or absence of characteristics within the specified polity and time-frame, considering both direct evidence and historical inference. \n            The questions are always followed by the corresponding answer options.\n            Even if you are unsure always provide an answer based on the schema, only provide the corresponding letter, and don't continue writing after giving an answer.\n            \n            \""Output your reasoning and answer in the following format:\n\""\n            \""REASONING: <1-3 sentences>\n\""\n            \""ANSWER: <letter>\n\""\n            \""Do not include any other text.\""\n        \n            Do not output anything after this line.\n        ""}, {""role"": ""user"", ""content"": ""During the period from 1800 CE to 1897 CE, was 'Luxury Drink Alcohol' \u2013 defined as alcoholic beverages whose production, acquisition, or consumption was primarily restricted to or highly indicative of elite status, significant wealth, or specific ritualistic/ceremonial contexts due to their rarity, cost, or specialized preparation \u2013 present or absent as a distinct social and economic phenomenon within 'Kingdom of Gumma'? Strictly choose the correct label from the unordered set: {B, C, A}. B = absent, C = unknown, A = present""}]","{""usage.total_tokens"": 368, ""temperature"": 1}"
https://seshat-db.com/api/ec/luxury-drink-alcohol/,gemini-3.1-flash-lite,18,"REASONING: The Emirate of Harar was a strictly observant Islamic state where the consumption of alcohol was prohibited by Sharia law. Historical records from this period describe the city as a center of Islamic scholarship and trade (specifically khat and coffee) rather than the trade or consumption of luxury spirits.

ANSWER: B","","[{""role"": ""system"", ""content"": ""\n            You are a history expert with extensive knowledge of global history.\n        \n\n            You will be tasked to answer multiple-choice questions concerning the historical presence or absence of characteristics within the specified polity and time-frame, considering both direct evidence and historical inference. \n            The questions are always followed by the corresponding answer options.\n            Even if you are unsure always provide an answer based on the schema, only provide the corresponding letter, and don't continue writing after giving an answer.\n            \n            \""Output your reasoning and answer in the following format:\n\""\n            \""REASONING: <1-3 sentences>\n\""\n            \""ANSWER: <letter>\n\""\n            \""Do not include any other text.\""\n        \n            Do not output anything after this line.\n        ""}, {""role"": ""user"", ""content"": ""Considering the period from 1650 CE to 1875 CE within 'Emirate of Harar', was 'Luxury Drink Alcohol' present as a distinct and recognized category of consumption, differentiated from common alcoholic beverages by its cost, rarity, or social significance? Strictly choose the correct label from the unordered set: {A, C, B}. A = present, C = unknown, B = absent""}]","{""usage.total_tokens"": 317, ""temperature"": 1}"
https://seshat-db.com/api/ec/luxury-drink-alcohol/,gemini-3.1-flash-lite,19,"REASONING: The Kingdom of Jimma, an Oromo state, primarily consumed traditional honey wine (tej) and local beer (tella) as staples of social and ritual life, but there is no evidence of a distinct category of alcoholic beverages categorized specifically as ""luxury"" prestige goods during this period. Consumption was tied to communal hospitality rather than individual displays of wealth through rare, imported, or highly expensive alcoholic commodities.

ANSWER: B","","[{""role"": ""system"", ""content"": ""\n            You are a history expert with extensive knowledge of global history.\n        \n\n            You will be tasked to answer multiple-choice questions concerning the historical presence or absence of characteristics within the specified polity and time-frame, considering both direct evidence and historical inference. \n            The questions are always followed by the corresponding answer options.\n            Even if you are unsure always provide an answer based on the schema, only provide the corresponding letter, and don't continue writing after giving an answer.\n            \n            \""Output your reasoning and answer in the following format:\n\""\n            \""REASONING: <1-3 sentences>\n\""\n            \""ANSWER: <letter>\n\""\n            \""Do not include any other text.\""\n        \n            Do not output anything after this line.\n        ""}, {""role"": ""user"", ""content"": ""Regarding 'Luxury Drink Alcohol' \u2013 that is, alcoholic beverages consumed primarily for their prestige, rarity, or high cost rather than as a staple, ritualistic element, or common refreshment \u2013 was there evidence of its presence or absence as a distinct category of consumption within 'Kingdom of Jimma' during the period from 1790 CE to 1932 CE? Strictly choose the correct label from the unordered set: {B, C, A}. B = absent, C = unknown, A = present""}]","{""usage.total_tokens"": 361, ""temperature"": 1}"
https://seshat-db.com/api/ec/luxury-drink-alcohol/,gemini-3.1-flash-lite,20,"REASONING: The Kingdom of Kaffa utilized fermented beverages like *talla* and tej (honey wine) in social and ceremonial life, and the preparation of high-quality mead was historically associated with royal courts and elite hospitality. Such alcoholic beverages functioned as markers of status and were integral to formal courtly protocols throughout the kingdom's history.

ANSWER: A","","[{""role"": ""system"", ""content"": ""\n            You are a history expert with extensive knowledge of global history.\n        \n\n            You will be tasked to answer multiple-choice questions concerning the historical presence or absence of characteristics within the specified polity and time-frame, considering both direct evidence and historical inference. \n            The questions are always followed by the corresponding answer options.\n            Even if you are unsure always provide an answer based on the schema, only provide the corresponding letter, and don't continue writing after giving an answer.\n            \n            \""Output your reasoning and answer in the following format:\n\""\n            \""REASONING: <1-3 sentences>\n\""\n            \""ANSWER: <letter>\n\""\n            \""Do not include any other text.\""\n        \n            Do not output anything after this line.\n        ""}, {""role"": ""user"", ""content"": ""Considering the period from 1390 CE to 1897 CE in 'Kingdom of Kaffa', was 'Luxury Drink Alcohol' \u2013 defined as alcoholic beverages whose consumption or production was predominantly associated with elite status, significant wealth, or specific ceremonial functions \u2013 present or absent? Strictly choose the correct label from the unordered set: {B, C, A}. B = absent, C = unknown, A = present""}]","{""usage.total_tokens"": 329, ""temperature"": 1}"
https://seshat-db.com/api/ec/luxury-drink-alcohol/,gemini-3.1-flash-lite,21,"REASONING: In early Chuukese society during this period, alcohol production was not part of the traditional economic or social framework, and indigenous beverages were limited to non-alcoholic fermented products or coconut sap (tuba) which did not serve as elite status markers. The introduction of Western alcohol occurred through contact, but it did not fit the definition of a traditional elite-controlled luxury drink industry.

ANSWER: B","","[{""role"": ""system"", ""content"": ""\n            You are a history expert with extensive knowledge of global history.\n        \n\n            You will be tasked to answer multiple-choice questions concerning the historical presence or absence of characteristics within the specified polity and time-frame, considering both direct evidence and historical inference. \n            The questions are always followed by the corresponding answer options.\n            Even if you are unsure always provide an answer based on the schema, only provide the corresponding letter, and don't continue writing after giving an answer.\n            \n            \""Output your reasoning and answer in the following format:\n\""\n            \""REASONING: <1-3 sentences>\n\""\n            \""ANSWER: <letter>\n\""\n            \""Do not include any other text.\""\n        \n            Do not output anything after this line.\n        ""}, {""role"": ""user"", ""content"": ""During the period from 1775 CE to 1886 CE, in 'Chuuk - Early Truk', was 'Luxury Drink Alcohol', defined as alcoholic beverages whose production, consumption, or trade was demonstrably associated with elite social strata, significant economic investment, or specific ceremonial/status-defining contexts, present? Strictly choose the correct label from the unordered set: {B, A, C}. B = absent, A = present, C = unknown""}]","{""usage.total_tokens"": 348, ""temperature"": 1}"
https://seshat-db.com/api/ec/luxury-drink-alcohol/,gemini-3.1-flash-lite,22,"REASONING: During the German and Japanese colonial administrations in Chuuk (Truk), imported luxury alcoholic beverages such as whiskey, wine, and sake were introduced, traded, and consumed by colonial officials, traders, and the indigenous elite who had access to these imported goods.

ANSWER: A","","[{""role"": ""system"", ""content"": ""\n            You are a history expert with extensive knowledge of global history.\n        \n\n            You will be tasked to answer multiple-choice questions concerning the historical presence or absence of characteristics within the specified polity and time-frame, considering both direct evidence and historical inference. \n            The questions are always followed by the corresponding answer options.\n            Even if you are unsure always provide an answer based on the schema, only provide the corresponding letter, and don't continue writing after giving an answer.\n            \n            \""Output your reasoning and answer in the following format:\n\""\n            \""REASONING: <1-3 sentences>\n\""\n            \""ANSWER: <letter>\n\""\n            \""Do not include any other text.\""\n        \n            Do not output anything after this line.\n        ""}, {""role"": ""user"", ""content"": ""During the period from 1886 CE to 1948 CE, was 'Luxury Drink Alcohol' \u2013 understood as alcoholic beverages that were considered high-status, expensive, or primarily consumed by elites \u2013 present or absent in the social and economic practices of 'Chuuk - Late Truk'? Strictly choose the correct label from the unordered set: {A, B, C}. A = present, B = absent, C = unknown""}]","{""usage.total_tokens"": 317, ""temperature"": 1}"
https://seshat-db.com/api/ec/luxury-drink-alcohol/,gemini-3.1-flash-lite,23,"REASONING: During the early Bourbon period, imported wines, refined spirits like brandy, and high-quality liqueurs served as clear status symbols for the French aristocracy and elite. These luxury alcoholic beverages were widely documented in court life, social rituals, and merchant accounts of the seventeenth century.

ANSWER: A","","[{""role"": ""system"", ""content"": ""\n            You are a history expert with extensive knowledge of global history.\n        \n\n            You will be tasked to answer multiple-choice questions concerning the historical presence or absence of characteristics within the specified polity and time-frame, considering both direct evidence and historical inference. \n            The questions are always followed by the corresponding answer options.\n            Even if you are unsure always provide an answer based on the schema, only provide the corresponding letter, and don't continue writing after giving an answer.\n            \n            \""Output your reasoning and answer in the following format:\n\""\n            \""REASONING: <1-3 sentences>\n\""\n            \""ANSWER: <letter>\n\""\n            \""Do not include any other text.\""\n        \n            Do not output anything after this line.\n        ""}, {""role"": ""user"", ""content"": ""For the period between 1589 CE and 1660 CE in 'French Kingdom - Early Bourbon', was 'Luxury Drink Alcohol' \u2013 defined as alcoholic beverages whose production, acquisition, or consumption was indicative of high social status, significant wealth, or specialized trade networks \u2013 present or absent as a discernible category within the historical record? Strictly choose the correct label from the unordered set: {B, A, C}. B = absent, A = present, C = unknown""}]","{""usage.total_tokens"": 328, ""temperature"": 1}"
https://seshat-db.com/api/ec/luxury-drink-alcohol/,gemini-3.1-flash-lite,24,"REASONING: During the Bourbon period, the French elite heavily consumed refined alcoholic beverages such as high-quality imported wines, specific brandies, and liqueurs (like ratafia), which functioned as markers of social status and wealth compared to the common wine or cider consumed by the peasantry. These luxury drinks were central to the court culture of Versailles and elite social gatherings.

ANSWER: A","","[{""role"": ""system"", ""content"": ""\n            You are a history expert with extensive knowledge of global history.\n        \n\n            You will be tasked to answer multiple-choice questions concerning the historical presence or absence of characteristics within the specified polity and time-frame, considering both direct evidence and historical inference. \n            The questions are always followed by the corresponding answer options.\n            Even if you are unsure always provide an answer based on the schema, only provide the corresponding letter, and don't continue writing after giving an answer.\n            \n            \""Output your reasoning and answer in the following format:\n\""\n            \""REASONING: <1-3 sentences>\n\""\n            \""ANSWER: <letter>\n\""\n            \""Do not include any other text.\""\n        \n            Do not output anything after this line.\n        ""}, {""role"": ""user"", ""content"": ""During the period from 1660 CE to 1815 CE in 'French Kingdom - Late Bourbon', was 'Luxury Drink Alcohol' \u2013 understood as alcoholic beverages whose production, acquisition, or consumption was primarily indicative of elite status, significant wealth, or specific ritualistic/social exclusivity, thereby distinguishing them from more common alcoholic beverages \u2013 identifiable as a distinct category of consumption within the historical record? Strictly choose the correct label from the unordered set: {A, C, B}. A = present, C = unknown, B = absent""}]","{""usage.total_tokens"": 356, ""temperature"": 1}"
https://seshat-db.com/api/ec/luxury-drink-alcohol/,gemini-3.1-flash-lite,25,"REASONING: During the Late Capetian period, France had a well-established viticulture industry, and wine was a major commodity consumed by the nobility and clergy as a luxury item alongside imported spiced wines like hypocras.
ANSWER: A","","[{""role"": ""system"", ""content"": ""\n            You are a history expert with extensive knowledge of global history.\n        \n\n            You will be tasked to answer multiple-choice questions concerning the historical presence or absence of characteristics within the specified polity and time-frame, considering both direct evidence and historical inference. \n            The questions are always followed by the corresponding answer options.\n            Even if you are unsure always provide an answer based on the schema, only provide the corresponding letter, and don't continue writing after giving an answer.\n            \n            \""Output your reasoning and answer in the following format:\n\""\n            \""REASONING: <1-3 sentences>\n\""\n            \""ANSWER: <letter>\n\""\n            \""Do not include any other text.\""\n        \n            Do not output anything after this line.\n        ""}, {""role"": ""user"", ""content"": ""During the period from 1150 CE to 1328 CE, was 'Luxury Drink Alcohol' present or absent in 'French Kingdom - Late Capetian'? Strictly choose the correct label from the unordered set: {B, A, C}. B = absent, A = present, C = unknown""}]","{""usage.total_tokens"": 281, ""temperature"": 1}"
https://seshat-db.com/api/ec/luxury-drink-alcohol/,gemini-3.1-flash-lite,26,"REASONING: During the Carolingian period, wine—particularly high-quality vintages from regions like the Rhineland and Francia—functioned as a luxury good, reserved for aristocratic feasts, diplomatic gifting, and liturgical use, marking it as a signifier of elite status and social hierarchy. The production and consumption of these specialized alcoholic beverages were deeply integrated into the patronage systems and sumptuary practices of the Carolingian nobility.

ANSWER: A","","[{""role"": ""system"", ""content"": ""\n            You are a history expert with extensive knowledge of global history.\n        \n\n            You will be tasked to answer multiple-choice questions concerning the historical presence or absence of characteristics within the specified polity and time-frame, considering both direct evidence and historical inference. \n            The questions are always followed by the corresponding answer options.\n            Even if you are unsure always provide an answer based on the schema, only provide the corresponding letter, and don't continue writing after giving an answer.\n            \n            \""Output your reasoning and answer in the following format:\n\""\n            \""REASONING: <1-3 sentences>\n\""\n            \""ANSWER: <letter>\n\""\n            \""Do not include any other text.\""\n        \n            Do not output anything after this line.\n        ""}, {""role"": ""user"", ""content"": ""Considering 'Luxury Drink Alcohol' as alcoholic beverages whose production, consumption, or trade was primarily associated with elite status, significant expenditure, or specific ceremonial/sumptuary contexts within a given society, was it present or absent as a discernible element of socio-economic or cultural practice in 'Carolingian Empire II' during the period from 840 CE to 987 CE? Strictly choose the correct label from the unordered set: {A, C, B}. A = present, C = unknown, B = absent""}]","{""usage.total_tokens"": 367, ""temperature"": 1}"
https://seshat-db.com/api/ec/luxury-drink-alcohol/,gemini-3.1-flash-lite,27,"REASONING: Archaeological evidence from high-status Merovingian burials, such as that of Childeric I, reveals the inclusion of imported Mediterranean luxury goods, including amphorae containing wine, which served as status symbols for the Frankish elite. The consumption of wine was a clear marker of social stratification and distinction from the common population, who typically relied on locally produced ale or mead.

ANSWER: A","","[{""role"": ""system"", ""content"": ""\n            You are a history expert with extensive knowledge of global history.\n        \n\n            You will be tasked to answer multiple-choice questions concerning the historical presence or absence of characteristics within the specified polity and time-frame, considering both direct evidence and historical inference. \n            The questions are always followed by the corresponding answer options.\n            Even if you are unsure always provide an answer based on the schema, only provide the corresponding letter, and don't continue writing after giving an answer.\n            \n            \""Output your reasoning and answer in the following format:\n\""\n            \""REASONING: <1-3 sentences>\n\""\n            \""ANSWER: <letter>\n\""\n            \""Do not include any other text.\""\n        \n            Do not output anything after this line.\n        ""}, {""role"": ""user"", ""content"": ""Regarding 'Luxury Drink Alcohol', defined as alcoholic beverages primarily consumed for their high status, rarity, or significant economic value rather than as common staples, during the period from 481 CE to 543 CE within 'Early Merovingian', was the consumption of such luxury drink alcohol a prevalent and distinct social practice? Strictly choose the correct label from the unordered set: {C, B, A}. C = unknown, B = absent, A = present""}]","{""usage.total_tokens"": 345, ""temperature"": 1}"
https://seshat-db.com/api/ec/luxury-drink-alcohol/,gemini-3.1-flash-lite,28,"REASONING: During the Merovingian period, imported wines from regions like the Moselle or the Mediterranean were highly valued status symbols consumed primarily by the aristocracy and royalty, distinguishing them from the commoner's ale or beer.

ANSWER: A","","[{""role"": ""system"", ""content"": ""\n            You are a history expert with extensive knowledge of global history.\n        \n\n            You will be tasked to answer multiple-choice questions concerning the historical presence or absence of characteristics within the specified polity and time-frame, considering both direct evidence and historical inference. \n            The questions are always followed by the corresponding answer options.\n            Even if you are unsure always provide an answer based on the schema, only provide the corresponding letter, and don't continue writing after giving an answer.\n            \n            \""Output your reasoning and answer in the following format:\n\""\n            \""REASONING: <1-3 sentences>\n\""\n            \""ANSWER: <letter>\n\""\n            \""Do not include any other text.\""\n        \n            Do not output anything after this line.\n        ""}, {""role"": ""user"", ""content"": ""Considering the period from 543 CE to 687 CE within 'Middle Merovingian', was there a discernible category of alcoholic beverages whose consumption was predominantly associated with luxury, status, or elite practices? Strictly choose the correct label from the unordered set: {A, B, C}. A = present, B = absent, C = unknown""}]","{""usage.total_tokens"": 291, ""temperature"": 1}"
https://seshat-db.com/api/ec/luxury-drink-alcohol/,gemini-3.1-flash-lite,29,"REASONING: During this period, the British Empire saw the widespread consumption of luxury alcoholic beverages such as imported French wines (Claret, Champagne), Madeira, and high-quality brandy, which were strictly associated with elite social status, colonial governance, and ceremonial display. These goods were heavily taxed and served as essential markers of aristocratic and upper-class identity throughout the imperial territories.

ANSWER: A","","[{""role"": ""system"", ""content"": ""\n            You are a history expert with extensive knowledge of global history.\n        \n\n            You will be tasked to answer multiple-choice questions concerning the historical presence or absence of characteristics within the specified polity and time-frame, considering both direct evidence and historical inference. \n            The questions are always followed by the corresponding answer options.\n            Even if you are unsure always provide an answer based on the schema, only provide the corresponding letter, and don't continue writing after giving an answer.\n            \n            \""Output your reasoning and answer in the following format:\n\""\n            \""REASONING: <1-3 sentences>\n\""\n            \""ANSWER: <letter>\n\""\n            \""Do not include any other text.\""\n        \n            Do not output anything after this line.\n        ""}, {""role"": ""user"", ""content"": ""Was 'Luxury Drink Alcohol', defined as alcoholic beverages whose production, consumption, or trade was distinctly associated with elite status, high cost, or ceremonial significance beyond mere sustenance, present or absent as a recognized category or commodity within 'British Empire I' during the period from 1690 CE to 1849 CE? Strictly choose the correct label from the unordered set: {C, A, B}. C = unknown, A = present, B = absent""}]","{""usage.total_tokens"": 343, ""temperature"": 1}"
https://seshat-db.com/api/ec/luxury-drink-alcohol/,gemini-3.1-flash-lite,30,"REASONING: The Kaabu Empire, successor to Mali in the Senegambia region, maintained trade networks that facilitated the consumption of imported luxury alcoholic beverages among the ruling elite and nobility, alongside locally produced fermented drinks used in ceremonial contexts.
ANSWER: A","","[{""role"": ""system"", ""content"": ""\n            You are a history expert with extensive knowledge of global history.\n        \n\n            You will be tasked to answer multiple-choice questions concerning the historical presence or absence of characteristics within the specified polity and time-frame, considering both direct evidence and historical inference. \n            The questions are always followed by the corresponding answer options.\n            Even if you are unsure always provide an answer based on the schema, only provide the corresponding letter, and don't continue writing after giving an answer.\n            \n            \""Output your reasoning and answer in the following format:\n\""\n            \""REASONING: <1-3 sentences>\n\""\n            \""ANSWER: <letter>\n\""\n            \""Do not include any other text.\""\n        \n            Do not output anything after this line.\n        ""}, {""role"": ""user"", ""content"": ""Was 'Luxury Drink Alcohol', understood as alcoholic beverages whose consumption was predominantly associated with elite status, ceremonial significance, or high economic value, present or absent in 'Kaabu' during the period from 1500 CE to 1867 CE? Strictly choose the correct label from the unordered set: {B, A, C}. B = absent, A = present, C = unknown""}]","{""usage.total_tokens"": 301, ""temperature"": 1}"
https://seshat-db.com/api/ec/luxury-drink-alcohol/,gemini-3.1-flash-lite,31,"REASONING: The Iban during this period practiced traditional rice wine (tuak) brewing for communal and ritual use, but they lacked a socio-economic structure that distinguished high-status ""luxury"" alcohol as a separate, elite-marketed category. Alcohol consumption was egalitarian and ritualistic rather than stratified by class-based luxury goods.

ANSWER: B","","[{""role"": ""system"", ""content"": ""\n            You are a history expert with extensive knowledge of global history.\n        \n\n            You will be tasked to answer multiple-choice questions concerning the historical presence or absence of characteristics within the specified polity and time-frame, considering both direct evidence and historical inference. \n            The questions are always followed by the corresponding answer options.\n            Even if you are unsure always provide an answer based on the schema, only provide the corresponding letter, and don't continue writing after giving an answer.\n            \n            \""Output your reasoning and answer in the following format:\n\""\n            \""REASONING: <1-3 sentences>\n\""\n            \""ANSWER: <letter>\n\""\n            \""Do not include any other text.\""\n        \n            Do not output anything after this line.\n        ""}, {""role"": ""user"", ""content"": ""For the period from 1650 CE to 1841 CE within 'Iban - Pre-Brooke', was the socio-cultural and economic category of 'Luxury Drink Alcohol' demonstrably present, signifying a recognized distinction and consumption pattern for high-status alcoholic beverages? Strictly choose the correct label from the unordered set: {A, C, B}. A = present, C = unknown, B = absent""}]","{""usage.total_tokens"": 328, ""temperature"": 1}"
https://seshat-db.com/api/ec/luxury-drink-alcohol/,gemini-3.1-flash-lite,32,"REASONING: The Iban people produced and consumed tuak (rice wine), which served a vital function in religious rituals, hospitality, and communal events, acting as an essential marker of prestige and social status within traditional longhouse hierarchies. While not an elite monopoly in the Western sense, its ceremonial necessity and the labor-intensive nature of its production establish it as a distinct cultural phenomenon with economic and social weight during this period.

ANSWER: A","","[{""role"": ""system"", ""content"": ""\n            You are a history expert with extensive knowledge of global history.\n        \n\n            You will be tasked to answer multiple-choice questions concerning the historical presence or absence of characteristics within the specified polity and time-frame, considering both direct evidence and historical inference. \n            The questions are always followed by the corresponding answer options.\n            Even if you are unsure always provide an answer based on the schema, only provide the corresponding letter, and don't continue writing after giving an answer.\n            \n            \""Output your reasoning and answer in the following format:\n\""\n            \""REASONING: <1-3 sentences>\n\""\n            \""ANSWER: <letter>\n\""\n            \""Do not include any other text.\""\n        \n            Do not output anything after this line.\n        ""}, {""role"": ""user"", ""content"": ""Within the context of 'Iban - Brooke Raj and Colonial' from 1841 CE to 1987 CE, was 'Luxury Drink Alcohol' \u2013 understood as alcoholic beverages whose consumption, production, or trade was primarily associated with elite status, significant ceremonial use, or substantial economic value beyond basic sustenance \u2013 present as a distinct and identifiable socio-economic or cultural phenomenon? Strictly choose the correct label from the unordered set: {A, C, B}. A = present, C = unknown, B = absent""}]","{""usage.total_tokens"": 364, ""temperature"": 1}"
https://seshat-db.com/api/ec/luxury-drink-alcohol/,gemini-3.1-flash-lite,33,"REASONING: The A'chik (Garo) people during this period primarily produced *chu* (rice beer) as a staple beverage for social and ritual life; however, there is no historical evidence of a distinct, specialized category of ""luxury alcohol"" based on exoticism or elite-restricted craftsmanship in the Western sense. While alcohol was central to rituals, it was ubiquitous rather than exclusive to a specific elite stratum.

ANSWER: B","","[{""role"": ""system"", ""content"": ""\n            You are a history expert with extensive knowledge of global history.\n        \n\n            You will be tasked to answer multiple-choice questions concerning the historical presence or absence of characteristics within the specified polity and time-frame, considering both direct evidence and historical inference. \n            The questions are always followed by the corresponding answer options.\n            Even if you are unsure always provide an answer based on the schema, only provide the corresponding letter, and don't continue writing after giving an answer.\n            \n            \""Output your reasoning and answer in the following format:\n\""\n            \""REASONING: <1-3 sentences>\n\""\n            \""ANSWER: <letter>\n\""\n            \""Do not include any other text.\""\n        \n            Do not output anything after this line.\n        ""}, {""role"": ""user"", ""content"": ""From 1775 CE to 1867 CE, was 'Luxury Drink Alcohol' \u2013 defined as alcoholic beverages whose production, acquisition, or consumption was primarily associated with elite social strata, diplomatic exchanges, or significant ceremonial occasions, often due to their high cost, exotic origin, or specialized craftsmanship \u2013 present or absent as a discernible and documented category of consumption within 'Early A'chik'? Strictly choose the correct label from the unordered set: {B, A, C}. B = absent, A = present, C = unknown""}]","{""usage.total_tokens"": 367, ""temperature"": 1}"
https://seshat-db.com/api/ec/luxury-drink-alcohol/,gemini-3.1-flash-lite,34,"REASONING: The A'chik (Garo) people traditionally consumed rice beer (chu) as a staple of their social and ceremonial life, which served as a crucial medium for communal bonding, religious rites, and hospitality throughout the late 19th and early 20th centuries. While fermented rice beer was ubiquitous rather than exclusively elite, its preparation and consumption patterns were fundamental to the socio-economic and political dynamics of A'chik village governance and ritual life.

ANSWER: A","","[{""role"": ""system"", ""content"": ""\n            You are a history expert with extensive knowledge of global history.\n        \n\n            You will be tasked to answer multiple-choice questions concerning the historical presence or absence of characteristics within the specified polity and time-frame, considering both direct evidence and historical inference. \n            The questions are always followed by the corresponding answer options.\n            Even if you are unsure always provide an answer based on the schema, only provide the corresponding letter, and don't continue writing after giving an answer.\n            \n            \""Output your reasoning and answer in the following format:\n\""\n            \""REASONING: <1-3 sentences>\n\""\n            \""ANSWER: <letter>\n\""\n            \""Do not include any other text.\""\n        \n            Do not output anything after this line.\n        ""}, {""role"": ""user"", ""content"": ""Given the variable 'Luxury Drink Alcohol', which refers to alcoholic beverages primarily consumed by elites or for ceremonial purposes, often associated with high economic value or social status, was its presence a significant factor in the socio-economic or political dynamics of 'Late A'chik' during the period from 1867 CE to 1956 CE? Strictly choose the correct label from the unordered set: {C, B, A}. C = unknown, B = absent, A = present""}]","{""usage.total_tokens"": 367, ""temperature"": 1}"
https://seshat-db.com/api/ec/luxury-drink-alcohol/,gemini-3.1-flash-lite,35,"REASONING: Tamil Sangam literature from this era frequently describes the consumption of fermented beverages like 'toddy' and 'madhu' across various social strata, often in contexts of royal courts and festivals, but these were widely accessible rather than restricted to a small elite class or defined by high cost as luxury goods. Therefore, while alcohol was present, the specific category of ""luxury drink alcohol"" as defined is not historically supported as a distinct, exclusive feature of early Chola society.

ANSWER: B","","[{""role"": ""system"", ""content"": ""\n            You are a history expert with extensive knowledge of global history.\n        \n\n            You will be tasked to answer multiple-choice questions concerning the historical presence or absence of characteristics within the specified polity and time-frame, considering both direct evidence and historical inference. \n            The questions are always followed by the corresponding answer options.\n            Even if you are unsure always provide an answer based on the schema, only provide the corresponding letter, and don't continue writing after giving an answer.\n            \n            \""Output your reasoning and answer in the following format:\n\""\n            \""REASONING: <1-3 sentences>\n\""\n            \""ANSWER: <letter>\n\""\n            \""Do not include any other text.\""\n        \n            Do not output anything after this line.\n        ""}, {""role"": ""user"", ""content"": ""During the period from 300 BCE to 300 CE in 'Early Cholas', was 'Luxury Drink Alcohol' \u2013 defined as alcoholic beverages whose consumption was primarily associated with high social status, significant cost, or ceremonial exclusivity rather than widespread daily sustenance \u2013 a discernible feature of the society? Strictly choose the correct label from the unordered set: {B, A, C}. B = absent, A = present, C = unknown""}]","{""usage.total_tokens"": 359, ""temperature"": 1}"
https://seshat-db.com/api/ec/luxury-drink-alcohol/,gemini-3.1-flash-lite,36,"REASONING: Historical sources from the Delhi Sultanate period, including accounts by Ibn Battuta and various administrative records, confirm the consumption of wine and spirits among the elite classes, despite occasional prohibition edicts issued by sultans like Alauddin Khalji. The existence of a specialized trade in imported and domestic alcoholic beverages indicates their status as luxury commodities within the urban socio-economic landscape.

ANSWER: A","","[{""role"": ""system"", ""content"": ""\n            You are a history expert with extensive knowledge of global history.\n        \n\n            You will be tasked to answer multiple-choice questions concerning the historical presence or absence of characteristics within the specified polity and time-frame, considering both direct evidence and historical inference. \n            The questions are always followed by the corresponding answer options.\n            Even if you are unsure always provide an answer based on the schema, only provide the corresponding letter, and don't continue writing after giving an answer.\n            \n            \""Output your reasoning and answer in the following format:\n\""\n            \""REASONING: <1-3 sentences>\n\""\n            \""ANSWER: <letter>\n\""\n            \""Do not include any other text.\""\n        \n            Do not output anything after this line.\n        ""}, {""role"": ""user"", ""content"": ""During the period from 1206 CE to 1526 CE, was 'Luxury Drink Alcohol' present as a discernible category of goods or consumption within the socio-economic landscape of 'Delhi Sultanate'? Strictly choose the correct label from the unordered set: {C, A, B}. C = unknown, A = present, B = absent""}]","{""usage.total_tokens"": 322, ""temperature"": 1}"
https://seshat-db.com/api/ec/luxury-drink-alcohol/,gemini-3.1-flash-lite,37,"REASONING: Literary sources such as the works of Kalidasa and the travelogues of Faxian indicate that alcoholic beverages like madhu and sidhu were produced and consumed by the elite classes, often associated with courtly culture and ceremonial banquets, while common consumption was subject to religious and social taboos.
ANSWER: A","","[{""role"": ""system"", ""content"": ""\n            You are a history expert with extensive knowledge of global history.\n        \n\n            You will be tasked to answer multiple-choice questions concerning the historical presence or absence of characteristics within the specified polity and time-frame, considering both direct evidence and historical inference. \n            The questions are always followed by the corresponding answer options.\n            Even if you are unsure always provide an answer based on the schema, only provide the corresponding letter, and don't continue writing after giving an answer.\n            \n            \""Output your reasoning and answer in the following format:\n\""\n            \""REASONING: <1-3 sentences>\n\""\n            \""ANSWER: <letter>\n\""\n            \""Do not include any other text.\""\n        \n            Do not output anything after this line.\n        ""}, {""role"": ""user"", ""content"": ""Considering the period from 320 CE to 550 CE within 'Gupta Empire', was the phenomenon of 'Luxury Drink Alcohol' \u2013 defined as alcoholic beverages whose production, consumption, or trade was primarily associated with elite status, ceremonial occasions, or significant economic expenditure, rather than widespread common consumption \u2013 present or absent in its social and economic landscape? Strictly choose the correct label from the unordered set: {A, B, C}. A = present, B = absent, C = unknown""}]","{""usage.total_tokens"": 337, ""temperature"": 1}"
https://seshat-db.com/api/ec/luxury-drink-alcohol/,gemini-3.1-flash-lite,38,"REASONING: The Kanva dynasty ruled a region with a long-standing culture of elite indulgence, where Sanskrit literature and contemporary texts attest to the consumption of soma, sura, and other fermented beverages as traditional markers of status and ritual performance among the ruling classes.

ANSWER: A","","[{""role"": ""system"", ""content"": ""\n            You are a history expert with extensive knowledge of global history.\n        \n\n            You will be tasked to answer multiple-choice questions concerning the historical presence or absence of characteristics within the specified polity and time-frame, considering both direct evidence and historical inference. \n            The questions are always followed by the corresponding answer options.\n            Even if you are unsure always provide an answer based on the schema, only provide the corresponding letter, and don't continue writing after giving an answer.\n            \n            \""Output your reasoning and answer in the following format:\n\""\n            \""REASONING: <1-3 sentences>\n\""\n            \""ANSWER: <letter>\n\""\n            \""Do not include any other text.\""\n        \n            Do not output anything after this line.\n        ""}, {""role"": ""user"", ""content"": ""During the period from 75 BCE to 30 BCE, was 'Luxury Drink Alcohol' present or absent as a distinct and recognized category of elite consumption and social marker within 'Magadha - Kanva Dynasty'? Strictly choose the correct label from the unordered set: {B, C, A}. B = absent, C = unknown, A = present""}]","{""usage.total_tokens"": 298, ""temperature"": 1}"
https://seshat-db.com/api/ec/luxury-drink-alcohol/,gemini-3.1-flash-lite,39,"REASONING: Literary sources from the Sangam period, such as the Purananuru, describe the consumption of imported wines (yavana-madhu) brought by merchants, which were considered expensive luxury items restricted to the elite and royalty.

ANSWER: A","","[{""role"": ""system"", ""content"": ""\n            You are a history expert with extensive knowledge of global history.\n        \n\n            You will be tasked to answer multiple-choice questions concerning the historical presence or absence of characteristics within the specified polity and time-frame, considering both direct evidence and historical inference. \n            The questions are always followed by the corresponding answer options.\n            Even if you are unsure always provide an answer based on the schema, only provide the corresponding letter, and don't continue writing after giving an answer.\n            \n            \""Output your reasoning and answer in the following format:\n\""\n            \""REASONING: <1-3 sentences>\n\""\n            \""ANSWER: <letter>\n\""\n            \""Do not include any other text.\""\n        \n            Do not output anything after this line.\n        ""}, {""role"": ""user"", ""content"": ""During the period from 300 BCE to 300 CE, in the context of 'Early Pandyas', was 'Luxury Drink Alcohol' \u2013 defined as alcoholic beverages whose production, acquisition, or consumption was indicative of high social status, significant wealth, or specialized trade networks, distinguishing them from common or staple alcoholic drinks \u2013 present or absent? Strictly choose the correct label from the unordered set: {B, A, C}. B = absent, A = present, C = unknown""}]","{""usage.total_tokens"": 322, ""temperature"": 1}"
https://seshat-db.com/api/ec/luxury-drink-alcohol/,gemini-3.1-flash-lite,40,"REASONING: Archaeological findings and textual references from the Satavahana period, such as those in the Gathasaptashati, indicate the production and consumption of varied wines and spirits like 'Madhu' and 'Sidhu', which were integral to elite social gatherings and courtly life. These beverages functioned as status markers and were central to ritualized social interactions among the aristocracy and wealthy merchant classes.

ANSWER: A","","[{""role"": ""system"", ""content"": ""\n            You are a history expert with extensive knowledge of global history.\n        \n\n            You will be tasked to answer multiple-choice questions concerning the historical presence or absence of characteristics within the specified polity and time-frame, considering both direct evidence and historical inference. \n            The questions are always followed by the corresponding answer options.\n            Even if you are unsure always provide an answer based on the schema, only provide the corresponding letter, and don't continue writing after giving an answer.\n            \n            \""Output your reasoning and answer in the following format:\n\""\n            \""REASONING: <1-3 sentences>\n\""\n            \""ANSWER: <letter>\n\""\n            \""Do not include any other text.\""\n        \n            Do not output anything after this line.\n        ""}, {""role"": ""user"", ""content"": ""During the period from 100 BCE to 200 CE in 'Satavahana Empire', was 'Luxury Drink Alcohol' \u2013 defined as alcoholic beverages whose production, consumption, or acquisition served as a marker of elite status, significant wealth, or specific ceremonial/ritualistic functions \u2013 present as a distinct category of consumption? Strictly choose the correct label from the unordered set: {B, A, C}. B = absent, A = present, C = unknown""}]","{""usage.total_tokens"": 349, ""temperature"": 1}"
https://seshat-db.com/api/ec/luxury-drink-alcohol/,gemini-3.1-flash-lite,41,"REASONING: Historical evidence from the Sena Dynasty (c. 1070–1230 CE) indicates that alcohol consumption was primarily associated with religious rituals, local elite status, and social customs rather than being a primary commodity in long-distance maritime or overland trade networks. While various intoxicating substances were produced and consumed, they did not constitute a significant sector of the trans-regional commercial exchange compared to goods like spices, textiles, or metals.

ANSWER: B","","[{""role"": ""system"", ""content"": ""\n            You are a history expert with extensive knowledge of global history.\n        \n\n            You will be tasked to answer multiple-choice questions concerning the historical presence or absence of characteristics within the specified polity and time-frame, considering both direct evidence and historical inference. \n            The questions are always followed by the corresponding answer options.\n            Even if you are unsure always provide an answer based on the schema, only provide the corresponding letter, and don't continue writing after giving an answer.\n            \n            \""Output your reasoning and answer in the following format:\n\""\n            \""REASONING: <1-3 sentences>\n\""\n            \""ANSWER: <letter>\n\""\n            \""Do not include any other text.\""\n        \n            Do not output anything after this line.\n        ""}, {""role"": ""user"", ""content"": ""During the period from 1095 CE to 1245 CE in 'Sena Dynasty', was 'Luxury Drink Alcohol' primarily characterized as a significant commodity in long-distance trade networks, or was its principal economic and social function confined to internal elite consumption and status differentiation? Strictly choose the correct label from the unordered set: {B, A, C}. B = absent, A = present, C = unknown""}]","{""usage.total_tokens"": 352, ""temperature"": 1}"
https://seshat-db.com/api/ec/luxury-drink-alcohol/,gemini-3.1-flash-lite,42,"REASONING: Despite the Islamic prohibition on alcohol, wine and imported spirits like cognac were consumed by the Qajar elite and court members as status symbols, documented in historical accounts and period literature. These beverages were specialized, expensive imports or products of clandestine domestic production, functioning as markers of social exclusivity among the wealthy.

ANSWER: A","","[{""role"": ""system"", ""content"": ""\n            You are a history expert with extensive knowledge of global history.\n        \n\n            You will be tasked to answer multiple-choice questions concerning the historical presence or absence of characteristics within the specified polity and time-frame, considering both direct evidence and historical inference. \n            The questions are always followed by the corresponding answer options.\n            Even if you are unsure always provide an answer based on the schema, only provide the corresponding letter, and don't continue writing after giving an answer.\n            \n            \""Output your reasoning and answer in the following format:\n\""\n            \""REASONING: <1-3 sentences>\n\""\n            \""ANSWER: <letter>\n\""\n            \""Do not include any other text.\""\n        \n            Do not output anything after this line.\n        ""}, {""role"": ""user"", ""content"": ""Define 'Luxury Drink Alcohol' as alcoholic beverages distinguished by their high cost, rarity, specialized production, or exclusive consumption patterns, serving as significant markers of social status or wealth. During the period from 1794 CE to 1925 CE in 'Qajar Dynasty', which of the following best characterizes the societal role and accessibility of Luxury Drink Alcohol? Strictly choose the correct label from the unordered set: {B, A, C}. B = absent, A = present, C = unknown""}]","{""usage.total_tokens"": 337, ""temperature"": 1}"
https://seshat-db.com/api/ec/luxury-drink-alcohol/,gemini-3.1-flash-lite,43,"REASONING: Despite legal prohibitions based on Islamic tenets, court records and historical accounts confirm that wine and high-end spirits were consumed as prestige items by the Safavid elite and at royal functions. These drinks, often imported or produced in specific regions like Shiraz, functioned as significant markers of social status and luxury within the court culture.

ANSWER: A","","[{""role"": ""system"", ""content"": ""\n            You are a history expert with extensive knowledge of global history.\n        \n\n            You will be tasked to answer multiple-choice questions concerning the historical presence or absence of characteristics within the specified polity and time-frame, considering both direct evidence and historical inference. \n            The questions are always followed by the corresponding answer options.\n            Even if you are unsure always provide an answer based on the schema, only provide the corresponding letter, and don't continue writing after giving an answer.\n            \n            \""Output your reasoning and answer in the following format:\n\""\n            \""REASONING: <1-3 sentences>\n\""\n            \""ANSWER: <letter>\n\""\n            \""Do not include any other text.\""\n        \n            Do not output anything after this line.\n        ""}, {""role"": ""user"", ""content"": ""Was 'Luxury Drink Alcohol' \u2013 defined as alcoholic beverages whose consumption was primarily driven by their perceived prestige, rarity, or high cost rather than basic sustenance or common intoxication \u2013 a significant and distinct category of consumption within 'Safavid Empire' during the period from 1501 CE to 1722 CE? Strictly choose the correct label from the unordered set: {B, A, C}. B = absent, A = present, C = unknown""}]","{""usage.total_tokens"": 332, ""temperature"": 1}"
https://seshat-db.com/api/ec/luxury-drink-alcohol/,gemini-3.1-flash-lite,44,"REASONING: During the Renaissance, wine was an essential part of the diet and social culture of the Papal States, consumed by all social strata including the Papacy, with luxury vintages being widely imported and traded. Historical records, such as the household accounts of popes and cardinals, confirm the prevalence of high-quality alcohol as a standard feature of courtly luxury.

ANSWER: A","","[{""role"": ""system"", ""content"": ""\n            You are a history expert with extensive knowledge of global history.\n        \n\n            You will be tasked to answer multiple-choice questions concerning the historical presence or absence of characteristics within the specified polity and time-frame, considering both direct evidence and historical inference. \n            The questions are always followed by the corresponding answer options.\n            Even if you are unsure always provide an answer based on the schema, only provide the corresponding letter, and don't continue writing after giving an answer.\n            \n            \""Output your reasoning and answer in the following format:\n\""\n            \""REASONING: <1-3 sentences>\n\""\n            \""ANSWER: <letter>\n\""\n            \""Do not include any other text.\""\n        \n            Do not output anything after this line.\n        ""}, {""role"": ""user"", ""content"": ""During the period from 1378 CE to 1527 CE, was 'Luxury Drink Alcohol' present or absent within 'Papal States - Renaissance Period'? Strictly choose the correct label from the unordered set: {A, B, C}. A = present, B = absent, C = unknown""}]","{""usage.total_tokens"": 312, ""temperature"": 1}"
https://seshat-db.com/api/ec/luxury-drink-alcohol/,gemini-3.1-flash-lite,45,"REASONING: During the 16th and 17th centuries, the Papal States and the Roman elite consumed high-quality imported wines, spiced hippocras, and refined spirits as markers of social standing and ecclesiastical prestige. These beverages were integral to courtly banquets and diplomatic hospitality, functioning as distinct indicators of wealth and hierarchical distinction.

ANSWER: A","","[{""role"": ""system"", ""content"": ""\n            You are a history expert with extensive knowledge of global history.\n        \n\n            You will be tasked to answer multiple-choice questions concerning the historical presence or absence of characteristics within the specified polity and time-frame, considering both direct evidence and historical inference. \n            The questions are always followed by the corresponding answer options.\n            Even if you are unsure always provide an answer based on the schema, only provide the corresponding letter, and don't continue writing after giving an answer.\n            \n            \""Output your reasoning and answer in the following format:\n\""\n            \""REASONING: <1-3 sentences>\n\""\n            \""ANSWER: <letter>\n\""\n            \""Do not include any other text.\""\n        \n            Do not output anything after this line.\n        ""}, {""role"": ""user"", ""content"": ""Considering the period from 1527 CE to 1648 CE within 'Papal States - Early Modern Period I', did 'Luxury Drink Alcohol' \u2013 defined as alcoholic beverages whose production, trade, or consumption patterns were primarily indicative of elite status, significant economic expenditure, or specific ceremonial/social functions that reinforced hierarchical distinctions \u2013 demonstrably constitute a *distinct and historically significant category* of consumption and social marker? Strictly choose the correct label from the unordered set: {B, C, A}. B = absent, C = unknown, A = present""}]","{""usage.total_tokens"": 358, ""temperature"": 1}"
https://seshat-db.com/api/ec/luxury-drink-alcohol/,gemini-3.1-flash-lite,46,"REASONING: During the Early Modern period, the Papal States, like the rest of Italy and Europe, had a well-established culture of wine consumption, and imported luxury spirits and liqueurs were readily available to the elite and the clergy residing in Rome. Historical accounts of social life and ecclesiastical banquets confirm that various forms of alcoholic beverages were central to consumption patterns.

ANSWER: A","","[{""role"": ""system"", ""content"": ""\n            You are a history expert with extensive knowledge of global history.\n        \n\n            You will be tasked to answer multiple-choice questions concerning the historical presence or absence of characteristics within the specified polity and time-frame, considering both direct evidence and historical inference. \n            The questions are always followed by the corresponding answer options.\n            Even if you are unsure always provide an answer based on the schema, only provide the corresponding letter, and don't continue writing after giving an answer.\n            \n            \""Output your reasoning and answer in the following format:\n\""\n            \""REASONING: <1-3 sentences>\n\""\n            \""ANSWER: <letter>\n\""\n            \""Do not include any other text.\""\n        \n            Do not output anything after this line.\n        ""}, {""role"": ""user"", ""content"": ""Considering the historical evidence available for 'Papal States - Early Modern Period II' between 1648 CE and 1809 CE, was 'Luxury Drink Alcohol' present or absent within its societal consumption patterns? Strictly choose the correct label from the unordered set: {B, A, C}. B = absent, A = present, C = unknown""}]","{""usage.total_tokens"": 321, ""temperature"": 1}"
https://seshat-db.com/api/ec/luxury-drink-alcohol/,gemini-3.1-flash-lite,47,"REASONING: During this period, the Venetian Republic featured a highly stratified society where imported wines, specialized spirits, and high-quality liqueurs served as markers of status, frequently consumed during elaborate state ceremonies and private gatherings of the patrician class. Venetian trade networks ensured the availability of expensive alcoholic commodities that were inextricably linked to the wealth and social prestige of the elite.

ANSWER: A","","[{""role"": ""system"", ""content"": ""\n            You are a history expert with extensive knowledge of global history.\n        \n\n            You will be tasked to answer multiple-choice questions concerning the historical presence or absence of characteristics within the specified polity and time-frame, considering both direct evidence and historical inference. \n            The questions are always followed by the corresponding answer options.\n            Even if you are unsure always provide an answer based on the schema, only provide the corresponding letter, and don't continue writing after giving an answer.\n            \n            \""Output your reasoning and answer in the following format:\n\""\n            \""REASONING: <1-3 sentences>\n\""\n            \""ANSWER: <letter>\n\""\n            \""Do not include any other text.\""\n        \n            Do not output anything after this line.\n        ""}, {""role"": ""user"", ""content"": ""Was 'Luxury Drink Alcohol', understood as alcoholic beverages whose production, acquisition, or consumption was distinctly associated with high social status, significant economic cost, or specific ceremonial/elite contexts, present or absent as a recognized category of consumption within 'Republic of Venice IV' during the period from 1564 CE to 1797 CE? Strictly choose the correct label from the unordered set: {C, A, B}. C = unknown, A = present, B = absent""}]","{""usage.total_tokens"": 344, ""temperature"": 1}"
https://seshat-db.com/api/ec/luxury-drink-alcohol/,gemini-3.1-flash-lite,48,"REASONING: During the Sengoku period, high-quality sake, particularly varieties produced through refined brewing techniques, was highly valued and served in elite settings like tea ceremonies and samurai banquets, functioning as a marker of status and wealth. These beverages were distinct from common, lower-quality brews, confirming the presence of luxury alcohol as a notable societal feature.

ANSWER: A","","[{""role"": ""system"", ""content"": ""\n            You are a history expert with extensive knowledge of global history.\n        \n\n            You will be tasked to answer multiple-choice questions concerning the historical presence or absence of characteristics within the specified polity and time-frame, considering both direct evidence and historical inference. \n            The questions are always followed by the corresponding answer options.\n            Even if you are unsure always provide an answer based on the schema, only provide the corresponding letter, and don't continue writing after giving an answer.\n            \n            \""Output your reasoning and answer in the following format:\n\""\n            \""REASONING: <1-3 sentences>\n\""\n            \""ANSWER: <letter>\n\""\n            \""Do not include any other text.\""\n        \n            Do not output anything after this line.\n        ""}, {""role"": ""user"", ""content"": ""Considering the period from 1467 CE to 1568 CE within 'Warring States Japan', was 'Luxury Drink Alcohol' \u2013 defined as alcoholic beverages whose consumption was primarily associated with elite status, ceremonial contexts, or significant economic expenditure, rather than widespread daily consumption \u2013 present or absent as a notable feature of the society? Strictly choose the correct label from the unordered set: {B, C, A}. B = absent, C = unknown, A = present""}]","{""usage.total_tokens"": 341, ""temperature"": 1}"
https://seshat-db.com/api/ec/luxury-drink-alcohol/,gemini-3.1-flash-lite,49,"REASONING: During the Edo period, refined varieties of sake and imported spirits served as markers of status among the samurai and wealthy merchant classes, often featuring prominently in tea ceremonies, formal banquets, and conspicuous displays of wealth. These beverages were distinguished from common, unrefined brews, establishing them as items of elite consumption and ceremonial significance.

ANSWER: A","","[{""role"": ""system"", ""content"": ""\n            You are a history expert with extensive knowledge of global history.\n        \n\n            You will be tasked to answer multiple-choice questions concerning the historical presence or absence of characteristics within the specified polity and time-frame, considering both direct evidence and historical inference. \n            The questions are always followed by the corresponding answer options.\n            Even if you are unsure always provide an answer based on the schema, only provide the corresponding letter, and don't continue writing after giving an answer.\n            \n            \""Output your reasoning and answer in the following format:\n\""\n            \""REASONING: <1-3 sentences>\n\""\n            \""ANSWER: <letter>\n\""\n            \""Do not include any other text.\""\n        \n            Do not output anything after this line.\n        ""}, {""role"": ""user"", ""content"": ""During the period from 1603 CE to 1868 CE in 'Tokugawa Shogunate', was 'Luxury Drink Alcohol' \u2013 defined as alcoholic beverages whose consumption was primarily associated with elite status, ceremonial significance, or conspicuous display, rather than common sustenance \u2013 present as a distinct social phenomenon? Strictly choose the correct label from the unordered set: {C, A, B}. C = unknown, A = present, B = absent""}]","{""usage.total_tokens"": 332, ""temperature"": 1}"
https://seshat-db.com/api/ec/luxury-drink-alcohol/,gemini-3.1-flash-lite,50,"REASONING: Historical accounts, such as those by Ibn Battuta, indicate that elites and wealthy merchants in the Mali Empire consumed imported wines and locally produced grain-based alcoholic beverages during high-status social and diplomatic gatherings. While Islam was the state religion, alcohol consumption remained a feature of courtly luxury and elite social life in many regions of the empire.

ANSWER: A","","[{""role"": ""system"", ""content"": ""\n            You are a history expert with extensive knowledge of global history.\n        \n\n            You will be tasked to answer multiple-choice questions concerning the historical presence or absence of characteristics within the specified polity and time-frame, considering both direct evidence and historical inference. \n            The questions are always followed by the corresponding answer options.\n            Even if you are unsure always provide an answer based on the schema, only provide the corresponding letter, and don't continue writing after giving an answer.\n            \n            \""Output your reasoning and answer in the following format:\n\""\n            \""REASONING: <1-3 sentences>\n\""\n            \""ANSWER: <letter>\n\""\n            \""Do not include any other text.\""\n        \n            Do not output anything after this line.\n        ""}, {""role"": ""user"", ""content"": ""During the period from 1230 CE to 1410 CE, was 'Luxury Drink Alcohol' \u2013 defined as alcoholic beverages whose consumption was primarily restricted by cost, rarity, or social status to elite strata, or those used in high-status diplomatic, religious, or ceremonial contexts \u2013 a present or absent phenomenon within the socio-economic landscape of 'Mali Empire'? Strictly choose the correct label from the unordered set: {C, B, A}. C = unknown, B = absent, A = present""}]","{""usage.total_tokens"": 350, ""temperature"": 1}"
https://seshat-db.com/api/ec/luxury-drink-alcohol/,gemini-3.1-flash-lite,51,"REASONING: The Maravi state engaged in long-distance trade with coastal Swahili and Portuguese merchants, facilitating the importation of luxury goods, including imported wines and spirits, which were consumed by the ruling elite and integrated into the high-status gift-exchange rituals of the court.

ANSWER: A","","[{""role"": ""system"", ""content"": ""\n            You are a history expert with extensive knowledge of global history.\n        \n\n            You will be tasked to answer multiple-choice questions concerning the historical presence or absence of characteristics within the specified polity and time-frame, considering both direct evidence and historical inference. \n            The questions are always followed by the corresponding answer options.\n            Even if you are unsure always provide an answer based on the schema, only provide the corresponding letter, and don't continue writing after giving an answer.\n            \n            \""Output your reasoning and answer in the following format:\n\""\n            \""REASONING: <1-3 sentences>\n\""\n            \""ANSWER: <letter>\n\""\n            \""Do not include any other text.\""\n        \n            Do not output anything after this line.\n        ""}, {""role"": ""user"", ""content"": ""Considering the period from 1622 CE to 1870 CE in 'Maravi Empire', was 'Luxury Drink Alcohol' \u2013 defined as alcoholic beverages whose consumption was primarily associated with elite status, ceremonial functions, or significant economic expenditure, thereby distinguishing them from common or everyday alcoholic beverages \u2013 present or absent within the polity's socio-economic and cultural landscape? Strictly choose the correct label from the unordered set: {C, B, A}. C = unknown, B = absent, A = present""}]","{""usage.total_tokens"": 333, ""temperature"": 1}"
https://seshat-db.com/api/ec/luxury-drink-alcohol/,gemini-3.1-flash-lite,52,"REASONING: The Aztec Empire produced *octli* (pulque) as a common beverage, but elite classes consumed fermented beverages enriched with ingredients like cacao, flowers, and honey, which served as status symbols and were integral to ceremonial rituals reserved for the nobility. These preparations functioned as luxury commodities that distinguished the upper strata of society from the commoners.

ANSWER: A","","[{""role"": ""system"", ""content"": ""\n            You are a history expert with extensive knowledge of global history.\n        \n\n            You will be tasked to answer multiple-choice questions concerning the historical presence or absence of characteristics within the specified polity and time-frame, considering both direct evidence and historical inference. \n            The questions are always followed by the corresponding answer options.\n            Even if you are unsure always provide an answer based on the schema, only provide the corresponding letter, and don't continue writing after giving an answer.\n            \n            \""Output your reasoning and answer in the following format:\n\""\n            \""REASONING: <1-3 sentences>\n\""\n            \""ANSWER: <letter>\n\""\n            \""Do not include any other text.\""\n        \n            Do not output anything after this line.\n        ""}, {""role"": ""user"", ""content"": ""Considering the period from 1427 CE to 1526 CE within 'Aztec Empire', was 'Luxury Drink Alcohol' \u2013 defined as alcoholic beverages whose consumption patterns, production methods, or ingredient sourcing distinctly marked them as items of elite status, significant economic value, or ceremonial exclusivity, rather than common sustenance or widespread social lubricant \u2013 present or absent? Strictly choose the correct label from the unordered set: {C, B, A}. C = unknown, B = absent, A = present""}]","{""usage.total_tokens"": 346, ""temperature"": 1}"
https://seshat-db.com/api/ec/luxury-drink-alcohol/,gemini-3.1-flash-lite,53,"REASONING: During the Monte Albán V period, pulque (octli) was produced and consumed, and there is clear archaeological and ethnohistorical evidence indicating that the consumption of fermented beverages held ritual significance and was heavily regulated and stratified within the Zapotec and Mixtec social hierarchies, often serving as a marker of elite status.

ANSWER: A","","[{""role"": ""system"", ""content"": ""\n            You are a history expert with extensive knowledge of global history.\n        \n\n            You will be tasked to answer multiple-choice questions concerning the historical presence or absence of characteristics within the specified polity and time-frame, considering both direct evidence and historical inference. \n            The questions are always followed by the corresponding answer options.\n            Even if you are unsure always provide an answer based on the schema, only provide the corresponding letter, and don't continue writing after giving an answer.\n            \n            \""Output your reasoning and answer in the following format:\n\""\n            \""REASONING: <1-3 sentences>\n\""\n            \""ANSWER: <letter>\n\""\n            \""Do not include any other text.\""\n        \n            Do not output anything after this line.\n        ""}, {""role"": ""user"", ""content"": ""Consider the period from 900 CE to 1520 CE in the context of 'Monte Alban V'. Was 'Luxury Drink Alcohol' \u2013 understood as alcoholic beverages whose production, acquisition, or consumption was primarily associated with elite status, ceremonial functions, or significant economic value beyond basic sustenance \u2013 a discernible and impactful element of the socio-economic landscape? Strictly choose the correct label from the unordered set: {A, C, B}. A = present, C = unknown, B = absent""}]","{""usage.total_tokens"": 343, ""temperature"": 1}"
https://seshat-db.com/api/ec/luxury-drink-alcohol/,gemini-3.1-flash-lite,54,"REASONING: The Kingdom of Allada, a prominent West African state during this period, featured a hierarchical social structure where the consumption of imported European spirits and locally brewed alcoholic beverages was often restricted to the elite and used in ceremonial contexts to demonstrate status and wealth. Historical records from the era confirm that alcohol was a significant trade commodity and a marker of social prestige within the courtly culture.

ANSWER: A","","[{""role"": ""system"", ""content"": ""\n            You are a history expert with extensive knowledge of global history.\n        \n\n            You will be tasked to answer multiple-choice questions concerning the historical presence or absence of characteristics within the specified polity and time-frame, considering both direct evidence and historical inference. \n            The questions are always followed by the corresponding answer options.\n            Even if you are unsure always provide an answer based on the schema, only provide the corresponding letter, and don't continue writing after giving an answer.\n            \n            \""Output your reasoning and answer in the following format:\n\""\n            \""REASONING: <1-3 sentences>\n\""\n            \""ANSWER: <letter>\n\""\n            \""Do not include any other text.\""\n        \n            Do not output anything after this line.\n        ""}, {""role"": ""user"", ""content"": ""Consider the period from 1100 CE to 1724 CE in the context of 'Allada'. Was 'Luxury Drink Alcohol' \u2013 understood as alcoholic beverages explicitly recognized and consumed as markers of high social status or wealth \u2013 present as a discernible category of consumption within this polity? Strictly choose the correct label from the unordered set: {A, B, C}. A = present, B = absent, C = unknown""}]","{""usage.total_tokens"": 338, ""temperature"": 1}"
https://seshat-db.com/api/ec/luxury-drink-alcohol/,gemini-3.1-flash-lite,55,"REASONING: Igodomingodo, later known as Benin City, had a highly stratified society where palm wine served as a crucial ritual and social beverage, with refined preparations and specific vessels often reserved for the Oba and the nobility. Historical evidence regarding the ceremonial use of alcohol indicates it functioned as a marker of elite status during this period.

ANSWER: A","","[{""role"": ""system"", ""content"": ""\n            You are a history expert with extensive knowledge of global history.\n        \n\n            You will be tasked to answer multiple-choice questions concerning the historical presence or absence of characteristics within the specified polity and time-frame, considering both direct evidence and historical inference. \n            The questions are always followed by the corresponding answer options.\n            Even if you are unsure always provide an answer based on the schema, only provide the corresponding letter, and don't continue writing after giving an answer.\n            \n            \""Output your reasoning and answer in the following format:\n\""\n            \""REASONING: <1-3 sentences>\n\""\n            \""ANSWER: <letter>\n\""\n            \""Do not include any other text.\""\n        \n            Do not output anything after this line.\n        ""}, {""role"": ""user"", ""content"": ""Considering the period from 900 CE to 1450 CE in 'Igodomingodo', was 'Luxury Drink Alcohol' \u2013 understood as alcoholic beverages whose production, acquisition, or consumption was demonstrably associated with elite social status or significant wealth \u2013 present as a distinct category within the society's material culture and social practices? Strictly choose the correct label from the unordered set: {B, A, C}. B = absent, A = present, C = unknown""}]","{""usage.total_tokens"": 337, ""temperature"": 1}"
https://seshat-db.com/api/ec/luxury-drink-alcohol/,gemini-3.1-flash-lite,56,"REASONING: The Nok culture period defined as 'Middle and Late' actually refers to the period between approximately 1500 BCE and 200 CE; however, archaeological evidence for specialized, status-based alcoholic beverages in this early West African iron-working society remains archaeologically invisible and undocumented. There is no definitive evidence of specialized brewing processes or status-linked alcohol consumption for this timeframe and region.

ANSWER: B","","[{""role"": ""system"", ""content"": ""\n            You are a history expert with extensive knowledge of global history.\n        \n\n            You will be tasked to answer multiple-choice questions concerning the historical presence or absence of characteristics within the specified polity and time-frame, considering both direct evidence and historical inference. \n            The questions are always followed by the corresponding answer options.\n            Even if you are unsure always provide an answer based on the schema, only provide the corresponding letter, and don't continue writing after giving an answer.\n            \n            \""Output your reasoning and answer in the following format:\n\""\n            \""REASONING: <1-3 sentences>\n\""\n            \""ANSWER: <letter>\n\""\n            \""Do not include any other text.\""\n        \n            Do not output anything after this line.\n        ""}, {""role"": ""user"", ""content"": ""Considering the period from 1500 BCE to 901 BCE in 'Middle and Late Nok', was there demonstrable evidence of 'Luxury Drink Alcohol', defined as alcoholic beverages whose production, acquisition, or consumption was indicative of high social status, significant economic investment, or specialized cultural practices within the society? Strictly choose the correct label from the unordered set: {B, C, A}. B = absent, C = unknown, A = present""}]","{""usage.total_tokens"": 347, ""temperature"": 1}"
https://seshat-db.com/api/ec/luxury-drink-alcohol/,gemini-3.1-flash-lite,57,"REASONING: Archaeological evidence from the Nok culture indicates the production of fermented beverages, likely grain-based, often associated with elite or ritual contexts, suggesting the presence of alcohol in social stratification.
ANSWER: A","","[{""role"": ""system"", ""content"": ""\n            You are a history expert with extensive knowledge of global history.\n        \n\n            You will be tasked to answer multiple-choice questions concerning the historical presence or absence of characteristics within the specified polity and time-frame, considering both direct evidence and historical inference. \n            The questions are always followed by the corresponding answer options.\n            Even if you are unsure always provide an answer based on the schema, only provide the corresponding letter, and don't continue writing after giving an answer.\n            \n            \""Output your reasoning and answer in the following format:\n\""\n            \""REASONING: <1-3 sentences>\n\""\n            \""ANSWER: <letter>\n\""\n            \""Do not include any other text.\""\n        \n            Do not output anything after this line.\n        ""}, {""role"": ""user"", ""content"": ""During the period from 900 BCE to 0 CE in 'Middle and Late Nok', was 'Luxury Drink Alcohol' present or absent? Strictly choose the correct label from the unordered set: {B, C, A}. B = absent, C = unknown, A = present""}]","{""usage.total_tokens"": 269, ""temperature"": 1}"
https://seshat-db.com/api/ec/luxury-drink-alcohol/,gemini-3.1-flash-lite,58,"REASONING: The Kingdom of Nri (Ọ̀ràézè Ǹrì) was characterized by a highly ritualized, agrarian, and egalitarian-adjacent culture where palm wine was the standard beverage for both daily consumption and ritual offerings. There is no historical evidence of specialized, high-investment alcoholic beverages functioning as exclusionary status symbols in the manner defined.

ANSWER: B","","[{""role"": ""system"", ""content"": ""\n            You are a history expert with extensive knowledge of global history.\n        \n\n            You will be tasked to answer multiple-choice questions concerning the historical presence or absence of characteristics within the specified polity and time-frame, considering both direct evidence and historical inference. \n            The questions are always followed by the corresponding answer options.\n            Even if you are unsure always provide an answer based on the schema, only provide the corresponding letter, and don't continue writing after giving an answer.\n            \n            \""Output your reasoning and answer in the following format:\n\""\n            \""REASONING: <1-3 sentences>\n\""\n            \""ANSWER: <letter>\n\""\n            \""Do not include any other text.\""\n        \n            Do not output anything after this line.\n        ""}, {""role"": ""user"", ""content"": ""During the period from 1043 CE to 1911 CE in '\u1ecc\u0300r\u00e0\u00e9z\u00e8 \u01f8r\u00ec', was 'Luxury Drink Alcohol', defined as alcoholic beverages whose production, distribution, or consumption patterns indicate a status symbol, significant economic investment, or restricted access beyond common sustenance or ritualistic use, present or absent? Strictly choose the correct label from the unordered set: {A, C, B}. A = present, C = unknown, B = absent""}]","{""usage.total_tokens"": 346, ""temperature"": 1}"
https://seshat-db.com/api/ec/luxury-drink-alcohol/,gemini-3.1-flash-lite,59,"REASONING: The Oyo Empire during this period was in its early formative stages, and while palm wine was a staple beverage, there is insufficient evidence to characterize specific luxury alcoholic beverages as a formal marker of elite status or diplomatic exchange in the early historical record of this era. 

ANSWER: C","","[{""role"": ""system"", ""content"": ""\n            You are a history expert with extensive knowledge of global history.\n        \n\n            You will be tasked to answer multiple-choice questions concerning the historical presence or absence of characteristics within the specified polity and time-frame, considering both direct evidence and historical inference. \n            The questions are always followed by the corresponding answer options.\n            Even if you are unsure always provide an answer based on the schema, only provide the corresponding letter, and don't continue writing after giving an answer.\n            \n            \""Output your reasoning and answer in the following format:\n\""\n            \""REASONING: <1-3 sentences>\n\""\n            \""ANSWER: <letter>\n\""\n            \""Do not include any other text.\""\n        \n            Do not output anything after this line.\n        ""}, {""role"": ""user"", ""content"": ""Was 'Luxury Drink Alcohol', interpreted as alcoholic beverages whose production, trade, or consumption served as a marker of elite status, wealth, or diplomatic exchange, a discernible feature within 'Oyo' during the period from 1300 CE to 1535 CE? Strictly choose the correct label from the unordered set: {B, A, C}. B = absent, A = present, C = unknown""}]","{""usage.total_tokens"": 313, ""temperature"": 1}"
https://seshat-db.com/api/ec/luxury-drink-alcohol/,gemini-3.1-flash-lite,60,"REASONING: The Ọ̀yọ́ Empire consumed palm wine and other locally produced fermented beverages that were deeply integrated into royal court ceremonies, religious rituals, and social stratification, fitting the definition of drinks associated with elite status and distinction. Historical evidence confirms these beverages were integral to the prestige of the Alaafin and the courtly life of the Ọ̀yọ́ nobility during this period.

ANSWER: A","","[{""role"": ""system"", ""content"": ""\n            You are a history expert with extensive knowledge of global history.\n        \n\n            You will be tasked to answer multiple-choice questions concerning the historical presence or absence of characteristics within the specified polity and time-frame, considering both direct evidence and historical inference. \n            The questions are always followed by the corresponding answer options.\n            Even if you are unsure always provide an answer based on the schema, only provide the corresponding letter, and don't continue writing after giving an answer.\n            \n            \""Output your reasoning and answer in the following format:\n\""\n            \""REASONING: <1-3 sentences>\n\""\n            \""ANSWER: <letter>\n\""\n            \""Do not include any other text.\""\n        \n            Do not output anything after this line.\n        ""}, {""role"": ""user"", ""content"": ""During the period from 1601 CE to 1835 CE, was 'Luxury Drink Alcohol' \u2013 defined as alcoholic beverages whose production, consumption, or trade was primarily associated with elite status, significant wealth, or ceremonial distinction \u2013 demonstrably present within 'Il\u00fa-\u1ecdba \u1ecc\u0300y\u1ecd\u0301'? Strictly choose the correct label from the unordered set: {A, B, C}. A = present, B = absent, C = unknown""}]","{""usage.total_tokens"": 348, ""temperature"": 1}"
https://seshat-db.com/api/ec/luxury-drink-alcohol/,gemini-3.1-flash-lite,61,"REASONING: During the late 17th and early 18th centuries, the Kingdom of Whydah was a major center for the Atlantic slave trade, where imported European spirits like brandy and refined liquors were actively utilized as elite status symbols in royal courts and trade negotiations, establishing a clear social hierarchy of consumption. These imported goods were distinct from locally produced palm wine and were systematically used in rituals and diplomatic exchanges to signify wealth and power.

ANSWER: A","","[{""role"": ""system"", ""content"": ""\n            You are a history expert with extensive knowledge of global history.\n        \n\n            You will be tasked to answer multiple-choice questions concerning the historical presence or absence of characteristics within the specified polity and time-frame, considering both direct evidence and historical inference. \n            The questions are always followed by the corresponding answer options.\n            Even if you are unsure always provide an answer based on the schema, only provide the corresponding letter, and don't continue writing after giving an answer.\n            \n            \""Output your reasoning and answer in the following format:\n\""\n            \""REASONING: <1-3 sentences>\n\""\n            \""ANSWER: <letter>\n\""\n            \""Do not include any other text.\""\n        \n            Do not output anything after this line.\n        ""}, {""role"": ""user"", ""content"": ""During the period from 1671 CE to 1727 CE in 'Whydah', was 'Luxury Drink Alcohol' \u2013 defined as alcoholic beverages whose production, distribution, and consumption were systematically differentiated by social status, economic value, and/or ritual significance, such that they constituted a distinct category of elite consumption goods, beyond the mere availability of alcohol \u2013 present or absent? Strictly choose the correct label from the unordered set: {C, B, A}. C = unknown, B = absent, A = present""}]","{""usage.total_tokens"": 371, ""temperature"": 1}"
https://seshat-db.com/api/ec/luxury-drink-alcohol/,gemini-3.1-flash-lite,62,"REASONING: During the specified period, the Kingdom of Norway imported significant quantities of luxury wines (predominantly from the Rhine region, France, and England) via the Hanseatic League, which functioned as a markers of social status and elite identity. These beverages were integral to the courtly culture established by the monarchy and the aristocracy, serving both as diplomatic gifts and taxable commodities that bolstered state revenue through the customs system.

ANSWER: A","","[{""role"": ""system"", ""content"": ""\n            You are a history expert with extensive knowledge of global history.\n        \n\n            You will be tasked to answer multiple-choice questions concerning the historical presence or absence of characteristics within the specified polity and time-frame, considering both direct evidence and historical inference. \n            The questions are always followed by the corresponding answer options.\n            Even if you are unsure always provide an answer based on the schema, only provide the corresponding letter, and don't continue writing after giving an answer.\n            \n            \""Output your reasoning and answer in the following format:\n\""\n            \""REASONING: <1-3 sentences>\n\""\n            \""ANSWER: <letter>\n\""\n            \""Do not include any other text.\""\n        \n            Do not output anything after this line.\n        ""}, {""role"": ""user"", ""content"": ""Analyze the socio-economic and political implications of 'Luxury Drink Alcohol' consumption within 'Kingdom of Norway II' during the period from 1262 CE to 1396 CE. Your response should articulate a clear thesis statement, supported by specific historical evidence, detailing how the production, trade, and consumption of such beverages influenced social stratification, diplomatic relations, or state revenue. Provide a concise analytical essay, not exceeding 500 words, outlining your argument.? Strictly choose the correct label from the unordered set: {A, B, C}. A = present, B = absent, C = unknown""}]","{""usage.total_tokens"": 382, ""temperature"": 1}"
https://seshat-db.com/api/ec/luxury-drink-alcohol/,gemini-3.1-flash-lite,63,"REASONING: The Inca Empire produced 'chicha' (maize beer), which was central to state rituals, diplomacy, and elite hospitality, effectively serving as a high-status, socially exclusive, and culturally significant alcoholic beverage consumed by the nobility and royalty.

ANSWER: A","","[{""role"": ""system"", ""content"": ""\n            You are a history expert with extensive knowledge of global history.\n        \n\n            You will be tasked to answer multiple-choice questions concerning the historical presence or absence of characteristics within the specified polity and time-frame, considering both direct evidence and historical inference. \n            The questions are always followed by the corresponding answer options.\n            Even if you are unsure always provide an answer based on the schema, only provide the corresponding letter, and don't continue writing after giving an answer.\n            \n            \""Output your reasoning and answer in the following format:\n\""\n            \""REASONING: <1-3 sentences>\n\""\n            \""ANSWER: <letter>\n\""\n            \""Do not include any other text.\""\n        \n            Do not output anything after this line.\n        ""}, {""role"": ""user"", ""content"": ""During the period from 1375 CE to 1532 CE, was 'Luxury Drink Alcohol' \u2013 interpreted as alcoholic beverages whose production, consumption, or trade was distinctly associated with high social status, significant economic value, or ritualistic exclusivity \u2013 a discernible feature within the socio-economic and cultural landscape of 'Inca Empire'? Strictly choose the correct label from the unordered set: {C, A, B}. C = unknown, A = present, B = absent""}]","{""usage.total_tokens"": 323, ""temperature"": 1}"
https://seshat-db.com/api/ec/luxury-drink-alcohol/,gemini-3.1-flash-lite,64,"REASONING: The Samma Dynasty of Sindh operated within the broader context of the Delhi Sultanate and later the independent Arghun and local influences, where historical accounts confirm the consumption of wine and spirits by the elite and ruling classes as a symbol of status. Despite Islamic prohibitions, luxury alcohol remained a notable component of court culture and aristocratic lifestyle in the region during this period.

ANSWER: A","","[{""role"": ""system"", ""content"": ""\n            You are a history expert with extensive knowledge of global history.\n        \n\n            You will be tasked to answer multiple-choice questions concerning the historical presence or absence of characteristics within the specified polity and time-frame, considering both direct evidence and historical inference. \n            The questions are always followed by the corresponding answer options.\n            Even if you are unsure always provide an answer based on the schema, only provide the corresponding letter, and don't continue writing after giving an answer.\n            \n            \""Output your reasoning and answer in the following format:\n\""\n            \""REASONING: <1-3 sentences>\n\""\n            \""ANSWER: <letter>\n\""\n            \""Do not include any other text.\""\n        \n            Do not output anything after this line.\n        ""}, {""role"": ""user"", ""content"": ""During the period from 1335 CE to 1521 CE, was 'Luxury Drink Alcohol' \u2013 defined as alcoholic beverages consumed primarily for their prestige, rarity, or high cost rather than solely for sustenance or ritual \u2013 present or absent in the consumption patterns of 'Sind - Samma Dynasty'? Strictly choose the correct label from the unordered set: {C, B, A}. C = unknown, B = absent, A = present""}]","{""usage.total_tokens"": 339, ""temperature"": 1}"
https://seshat-db.com/api/ec/luxury-drink-alcohol/,gemini-3.1-flash-lite,65,"REASONING: During the 16th century, the Portuguese elite consumed imported high-quality wines (such as Muscat or specialized fortified varieties) and distilled spirits like aguardente, which were clearly differentiated from the common table wines and fermented beverages consumed by the lower classes. Historical records of colonial society and domestic trade confirm that these premium alcoholic products were markers of status and distinct economic spheres.

ANSWER: A","","[{""role"": ""system"", ""content"": ""\n            You are a history expert with extensive knowledge of global history.\n        \n\n            You will be tasked to answer multiple-choice questions concerning the historical presence or absence of characteristics within the specified polity and time-frame, considering both direct evidence and historical inference. \n            The questions are always followed by the corresponding answer options.\n            Even if you are unsure always provide an answer based on the schema, only provide the corresponding letter, and don't continue writing after giving an answer.\n            \n            \""Output your reasoning and answer in the following format:\n\""\n            \""REASONING: <1-3 sentences>\n\""\n            \""ANSWER: <letter>\n\""\n            \""Do not include any other text.\""\n        \n            Do not output anything after this line.\n        ""}, {""role"": ""user"", ""content"": ""Based on available historical evidence from 1495 CE to 1579 CE concerning 'Portuguese Empire - Renaissance Period', can the presence of 'luxury drink alcohol' be definitively established as a distinct category of consumption, differentiated from common alcoholic beverages, within elite social or economic spheres? Strictly choose the correct label from the unordered set: {A, B, C}. A = present, B = absent, C = unknown""}]","{""usage.total_tokens"": 338, ""temperature"": 1}"
https://seshat-db.com/api/ec/luxury-drink-alcohol/,gemini-3.1-flash-lite,66,"REASONING: In the early modern Portuguese Empire, imported luxury alcohols like high-quality fortified wines (e.g., Madeira and Port) and foreign spirits (brandy or French wines) were highly regulated, taxed, and socially stratified as status symbols distinct from common local beverages like 'aguardente' or table wines. These drinks functioned as prestige commodities within colonial and metropolitan hierarchies, clearly demarcating consumption patterns among the elite and administrative classes.

ANSWER: A","","[{""role"": ""system"", ""content"": ""\n            You are a history expert with extensive knowledge of global history.\n        \n\n            You will be tasked to answer multiple-choice questions concerning the historical presence or absence of characteristics within the specified polity and time-frame, considering both direct evidence and historical inference. \n            The questions are always followed by the corresponding answer options.\n            Even if you are unsure always provide an answer based on the schema, only provide the corresponding letter, and don't continue writing after giving an answer.\n            \n            \""Output your reasoning and answer in the following format:\n\""\n            \""REASONING: <1-3 sentences>\n\""\n            \""ANSWER: <letter>\n\""\n            \""Do not include any other text.\""\n        \n            Do not output anything after this line.\n        ""}, {""role"": ""user"", ""content"": ""Given the variable 'Luxury Drink Alcohol', analyze its presence or absence as a distinct and recognized category of consumption within 'Portuguese Empire - Early Modern' during the period from 1640 CE to 1806 CE. Your response must first articulate a historically grounded definition of 'Luxury Drink Alcohol' pertinent to this specific context, and then conclude with a definitive assessment, choosing from the unordered set {A, B}. A = present as a distinct and recognized category, B = absent as a distinct and recognized category? Strictly choose the correct label from the unordered set: {C, B, A}. C = unknown, B = absent, A = present""}]","{""usage.total_tokens"": 396, ""temperature"": 1}"
https://seshat-db.com/api/ec/luxury-drink-alcohol/,gemini-3.1-flash-lite,67,"REASONING: In 18th-century Bugesera, a small kingdom in the Great Lakes region of Africa, the primary alcoholic beverage was urwagwa (banana beer). This was a staple drink produced domestically and used for social cohesion and ritual exchange, rather than functioning as a specialized commodity characterized by the scarcity, high cost, or elite exclusivity typically associated with ""luxury"" alcohols in other global contexts.

ANSWER: B","","[{""role"": ""system"", ""content"": ""\n            You are a history expert with extensive knowledge of global history.\n        \n\n            You will be tasked to answer multiple-choice questions concerning the historical presence or absence of characteristics within the specified polity and time-frame, considering both direct evidence and historical inference. \n            The questions are always followed by the corresponding answer options.\n            Even if you are unsure always provide an answer based on the schema, only provide the corresponding letter, and don't continue writing after giving an answer.\n            \n            \""Output your reasoning and answer in the following format:\n\""\n            \""REASONING: <1-3 sentences>\n\""\n            \""ANSWER: <letter>\n\""\n            \""Do not include any other text.\""\n        \n            Do not output anything after this line.\n        ""}, {""role"": ""user"", ""content"": ""For the period from 1700 CE to 1799 CE in 'Bugesera', define and analyze the role of 'Luxury Drink Alcohol'. Your response must identify specific examples of beverages that would qualify as 'Luxury Drink Alcohol' within this context, discuss their production, distribution, and consumption patterns, and evaluate their socio-economic and cultural significance. Your answer should be a concise essay of no more than 500 words.? Strictly choose the correct label from the unordered set: {C, B, A}. C = unknown, B = absent, A = present""}]","{""usage.total_tokens"": 376, ""temperature"": 1}"
https://seshat-db.com/api/ec/luxury-drink-alcohol/,gemini-3.1-flash-lite,68,"REASONING: Gisaka was a centralized monarchy in the Great Lakes region where banana beer was the primary alcoholic beverage produced locally for both commoners and elites, and there is no evidence of specialized luxury alcohol imports or distinct high-status beverage categories during this period.
ANSWER: B","","[{""role"": ""system"", ""content"": ""\n            You are a history expert with extensive knowledge of global history.\n        \n\n            You will be tasked to answer multiple-choice questions concerning the historical presence or absence of characteristics within the specified polity and time-frame, considering both direct evidence and historical inference. \n            The questions are always followed by the corresponding answer options.\n            Even if you are unsure always provide an answer based on the schema, only provide the corresponding letter, and don't continue writing after giving an answer.\n            \n            \""Output your reasoning and answer in the following format:\n\""\n            \""REASONING: <1-3 sentences>\n\""\n            \""ANSWER: <letter>\n\""\n            \""Do not include any other text.\""\n        \n            Do not output anything after this line.\n        ""}, {""role"": ""user"", ""content"": ""During the period from 1700 CE to 1867 CE in 'Gisaka', was 'Luxury Drink Alcohol' \u2013 defined as alcoholic beverages whose production, acquisition, or consumption was primarily restricted to or associated with elite social strata due to their high cost, rarity, exotic origin, or symbolic value, and which were distinct from common alcoholic beverages \u2013 present as a recognized and significant category of elite consumption or a notable commodity in long-distance trade networks? Strictly choose the correct label from the unordered set: {A, C, B}. A = present, C = unknown, B = absent""}]","{""usage.total_tokens"": 349, ""temperature"": 1}"
https://seshat-db.com/api/ec/luxury-drink-alcohol/,gemini-3.1-flash-lite,69,"REASONING: 'Mubari' is not a recognized polity or significant historical state within the specified time period, appearing to be a typographical error or a non-existent entity. Consequently, there is no historical record to confirm the presence of luxury alcoholic drinks.

ANSWER: C","","[{""role"": ""system"", ""content"": ""\n            You are a history expert with extensive knowledge of global history.\n        \n\n            You will be tasked to answer multiple-choice questions concerning the historical presence or absence of characteristics within the specified polity and time-frame, considering both direct evidence and historical inference. \n            The questions are always followed by the corresponding answer options.\n            Even if you are unsure always provide an answer based on the schema, only provide the corresponding letter, and don't continue writing after giving an answer.\n            \n            \""Output your reasoning and answer in the following format:\n\""\n            \""REASONING: <1-3 sentences>\n\""\n            \""ANSWER: <letter>\n\""\n            \""Do not include any other text.\""\n        \n            Do not output anything after this line.\n        ""}, {""role"": ""user"", ""content"": ""Was Luxury Drink Alcohol, defined as alcoholic beverages considered to be of high status or significant economic value by the contemporary elite, present or absent within 'Mubari' during the period from 1700 CE to 1896 CE? Strictly choose the correct label from the unordered set: {B, A, C}. B = absent, A = present, C = unknown""}]","{""usage.total_tokens"": 304, ""temperature"": 1}"
https://seshat-db.com/api/ec/luxury-drink-alcohol/,gemini-3.1-flash-lite,70,"REASONING: Ndorwa was a small pre-colonial kingdom in the Great Lakes region of Africa, where the primary alcoholic beverage was locally brewed sorghum or banana beer, which was consumed communally and did not function as a status-restricted luxury good comparable to elite-marketed commodities. There is no historical evidence of a stratified, market-based system of high-cost alcoholic beverages distinguishing the elite from the common populace during this period.

ANSWER: B","","[{""role"": ""system"", ""content"": ""\n            You are a history expert with extensive knowledge of global history.\n        \n\n            You will be tasked to answer multiple-choice questions concerning the historical presence or absence of characteristics within the specified polity and time-frame, considering both direct evidence and historical inference. \n            The questions are always followed by the corresponding answer options.\n            Even if you are unsure always provide an answer based on the schema, only provide the corresponding letter, and don't continue writing after giving an answer.\n            \n            \""Output your reasoning and answer in the following format:\n\""\n            \""REASONING: <1-3 sentences>\n\""\n            \""ANSWER: <letter>\n\""\n            \""Do not include any other text.\""\n        \n            Do not output anything after this line.\n        ""}, {""role"": ""user"", ""content"": ""During the period from 1700 CE to 1800 CE in 'Ndorwa', was 'Luxury Drink Alcohol' \u2014 understood as alcoholic beverages whose consumption was primarily restricted by cost, rarity, or social status to an elite segment of the population \u2014 a discernible and significant category within the polity's economic and social stratification? Strictly choose the correct label from the unordered set: {B, A, C}. B = absent, A = present, C = unknown""}]","{""usage.total_tokens"": 359, ""temperature"": 1}"
https://seshat-db.com/api/ec/luxury-drink-alcohol/,gemini-3.1-flash-lite,71,"REASONING: The Kingdom of Nyinginya (Rwanda) during this period featured a highly stratified society where the consumption of 'urwagwa' (banana beer) and 'ubuki' (honey mead) was deeply embedded in courtly etiquette, royal rituals, and social validation, with honey mead specifically holding prestige as a luxury beverage for the elite.

ANSWER: A","","[{""role"": ""system"", ""content"": ""\n            You are a history expert with extensive knowledge of global history.\n        \n\n            You will be tasked to answer multiple-choice questions concerning the historical presence or absence of characteristics within the specified polity and time-frame, considering both direct evidence and historical inference. \n            The questions are always followed by the corresponding answer options.\n            Even if you are unsure always provide an answer based on the schema, only provide the corresponding letter, and don't continue writing after giving an answer.\n            \n            \""Output your reasoning and answer in the following format:\n\""\n            \""REASONING: <1-3 sentences>\n\""\n            \""ANSWER: <letter>\n\""\n            \""Do not include any other text.\""\n        \n            Do not output anything after this line.\n        ""}, {""role"": ""user"", ""content"": ""Considering the period from 1650 CE to 1897 CE in 'Kingdom of Nyinginya', was 'Luxury Drink Alcohol' \u2013 understood as a distinct category of alcoholic beverages whose production, consumption, or trade was explicitly associated with elite status, ceremonial significance, or exceptional value \u2013 a discernible and documented feature of its socio-economic and cultural practices? Strictly choose the correct label from the unordered set: {C, A, B}. C = unknown, A = present, B = absent""}]","{""usage.total_tokens"": 350, ""temperature"": 1}"
https://seshat-db.com/api/ec/luxury-drink-alcohol/,gemini-3.1-flash-lite,72,"REASONING: The Kingdom of Baol, a Serer-Wolof state in present-day Senegal, maintained complex social hierarchies where the consumption of palm wine and locally produced millet beer (dolo) held symbolic importance in ritual and elite social gatherings. These beverages functioned as prestige items during royal ceremonies and communal events, fitting the definition of status-distinguished alcoholic drinks within their cultural framework.

ANSWER: A","","[{""role"": ""system"", ""content"": ""\n            You are a history expert with extensive knowledge of global history.\n        \n\n            You will be tasked to answer multiple-choice questions concerning the historical presence or absence of characteristics within the specified polity and time-frame, considering both direct evidence and historical inference. \n            The questions are always followed by the corresponding answer options.\n            Even if you are unsure always provide an answer based on the schema, only provide the corresponding letter, and don't continue writing after giving an answer.\n            \n            \""Output your reasoning and answer in the following format:\n\""\n            \""REASONING: <1-3 sentences>\n\""\n            \""ANSWER: <letter>\n\""\n            \""Do not include any other text.\""\n        \n            Do not output anything after this line.\n        ""}, {""role"": ""user"", ""content"": ""Considering the variable 'Luxury Drink Alcohol', which refers to alcoholic beverages distinguished by their high cost, rarity, or symbolic status, was its presence or absence documented within the socio-economic and cultural practices of 'Kingdom of Baol' during the period from 1550 CE to 1890 CE? Strictly choose the correct label from the unordered set: {C, B, A}. C = unknown, B = absent, A = present""}]","{""usage.total_tokens"": 343, ""temperature"": 1}"
https://seshat-db.com/api/ec/luxury-drink-alcohol/,gemini-3.1-flash-lite,73,"REASONING: In the Kingdom of Cayor during this period, alcoholic beverages such as palm wine were widely consumed as staples, but there is no historical evidence of a tiered market system treating specific alcoholic drinks as luxury goods defined by elite patronage or specialized scarcity.

ANSWER: B","","[{""role"": ""system"", ""content"": ""\n            You are a history expert with extensive knowledge of global history.\n        \n\n            You will be tasked to answer multiple-choice questions concerning the historical presence or absence of characteristics within the specified polity and time-frame, considering both direct evidence and historical inference. \n            The questions are always followed by the corresponding answer options.\n            Even if you are unsure always provide an answer based on the schema, only provide the corresponding letter, and don't continue writing after giving an answer.\n            \n            \""Output your reasoning and answer in the following format:\n\""\n            \""REASONING: <1-3 sentences>\n\""\n            \""ANSWER: <letter>\n\""\n            \""Do not include any other text.\""\n        \n            Do not output anything after this line.\n        ""}, {""role"": ""user"", ""content"": ""During the period from 1549 CE to 1864 CE in 'Kingdom of Cayor', was there discernible evidence for the systematic production, trade, or consumption of alcoholic beverages explicitly categorized and treated as luxury goods, distinct from common alcoholic drinks, based on factors such as rarity, cost, specialized production, or elite patronage? Strictly choose the correct label from the unordered set: {C, A, B}. C = unknown, A = present, B = absent""}]","{""usage.total_tokens"": 322, ""temperature"": 1}"
https://seshat-db.com/api/ec/luxury-drink-alcohol/,gemini-3.1-flash-lite,74,"REASONING: The Denyanke Kingdom (c. 1512–1776) in the Senegal River valley engaged in trade with Europeans, including the exchange of spirits, which were utilized by the Denianke elite for social and political prestige, distinguishing them from commoners and cementing alliances. These imported alcoholic beverages functioned as markers of status and elite economic power within the hierarchical structure of the kingdom.

ANSWER: A","","[{""role"": ""system"", ""content"": ""\n            You are a history expert with extensive knowledge of global history.\n        \n\n            You will be tasked to answer multiple-choice questions concerning the historical presence or absence of characteristics within the specified polity and time-frame, considering both direct evidence and historical inference. \n            The questions are always followed by the corresponding answer options.\n            Even if you are unsure always provide an answer based on the schema, only provide the corresponding letter, and don't continue writing after giving an answer.\n            \n            \""Output your reasoning and answer in the following format:\n\""\n            \""REASONING: <1-3 sentences>\n\""\n            \""ANSWER: <letter>\n\""\n            \""Do not include any other text.\""\n        \n            Do not output anything after this line.\n        ""}, {""role"": ""user"", ""content"": ""During the period from 1490 CE to 1776 CE, was 'Luxury Drink Alcohol' \u2013 understood as alcoholic beverages whose production, consumption, or trade was distinctly associated with elite status, significant economic investment, or specific ceremonial/social distinction \u2013 present or absent as a discernible category within 'Denyanke Kingdom'? Strictly choose the correct label from the unordered set: {A, C, B}. A = present, C = unknown, B = absent""}]","{""usage.total_tokens"": 353, ""temperature"": 1}"
https://seshat-db.com/api/ec/luxury-drink-alcohol/,gemini-3.1-flash-lite,75,"REASONING: The Kingdom of Jolof during this period was predominantly Islamic, and elite status was typically associated with religious piety and asceticism rather than the consumption of alcohol, which was socially and religiously discouraged. There is no historical evidence suggesting a recognized, distinct category of ""luxury alcohol"" within the Jolof elite social framework.

ANSWER: B","","[{""role"": ""system"", ""content"": ""\n            You are a history expert with extensive knowledge of global history.\n        \n\n            You will be tasked to answer multiple-choice questions concerning the historical presence or absence of characteristics within the specified polity and time-frame, considering both direct evidence and historical inference. \n            The questions are always followed by the corresponding answer options.\n            Even if you are unsure always provide an answer based on the schema, only provide the corresponding letter, and don't continue writing after giving an answer.\n            \n            \""Output your reasoning and answer in the following format:\n\""\n            \""REASONING: <1-3 sentences>\n\""\n            \""ANSWER: <letter>\n\""\n            \""Do not include any other text.\""\n        \n            Do not output anything after this line.\n        ""}, {""role"": ""user"", ""content"": ""During the period from 1549 CE to 1865 CE in 'Kingdom of Jolof', was 'Luxury Drink Alcohol', understood as alcoholic beverages whose consumption was predominantly associated with elite status, significant expenditure, or specific ceremonial/social distinction, a recognized and distinct category of consumption? Strictly choose the correct label from the unordered set: {B, A, C}. B = absent, A = present, C = unknown""}]","{""usage.total_tokens"": 327, ""temperature"": 1}"
https://seshat-db.com/api/ec/luxury-drink-alcohol/,gemini-3.1-flash-lite,76,"REASONING: The Kingdom of Saloum, a Serer-dominated state in present-day Senegal, maintained traditional social and religious structures where local palm wine and fermented millet beverages were common, but these did not function as luxury commodities defining social stratification or elite status in the manner defined. The historical record for the period 1490–1863 does not indicate the existence of a prestige alcohol economy characteristic of the defined category.

ANSWER: B","","[{""role"": ""system"", ""content"": ""\n            You are a history expert with extensive knowledge of global history.\n        \n\n            You will be tasked to answer multiple-choice questions concerning the historical presence or absence of characteristics within the specified polity and time-frame, considering both direct evidence and historical inference. \n            The questions are always followed by the corresponding answer options.\n            Even if you are unsure always provide an answer based on the schema, only provide the corresponding letter, and don't continue writing after giving an answer.\n            \n            \""Output your reasoning and answer in the following format:\n\""\n            \""REASONING: <1-3 sentences>\n\""\n            \""ANSWER: <letter>\n\""\n            \""Do not include any other text.\""\n        \n            Do not output anything after this line.\n        ""}, {""role"": ""user"", ""content"": ""Consider 'Luxury Drink Alcohol', defined as alcoholic beverages whose production, trade, and consumption were primarily associated with elite status, significant economic expenditure, or specific ceremonial/social distinction, thereby serving as a marker of social hierarchy or cultural practice. During the period from 1490 CE to 1863 CE, was 'Luxury Drink Alcohol' a significantly established and recognized category of consumption within the social and economic structures of 'Kingdom of Saloum'? Strictly choose the correct label from the unordered set: {B, C, A}. B = absent, C = unknown, A = present""}]","{""usage.total_tokens"": 382, ""temperature"": 1}"
https://seshat-db.com/api/ec/luxury-drink-alcohol/,gemini-3.1-flash-lite,77,"REASONING: The Kingdom of Sine, a Serer state in modern-day Senegal, traditionally utilized locally produced millet beer (cahut) for both everyday consumption and ceremonial rituals. While these beverages held social and ritual significance, they were mass-produced locally and did not function as high-cost, exclusionary ""luxury"" commodities in the context of the defined criteria.

ANSWER: B","","[{""role"": ""system"", ""content"": ""\n            You are a history expert with extensive knowledge of global history.\n        \n\n            You will be tasked to answer multiple-choice questions concerning the historical presence or absence of characteristics within the specified polity and time-frame, considering both direct evidence and historical inference. \n            The questions are always followed by the corresponding answer options.\n            Even if you are unsure always provide an answer based on the schema, only provide the corresponding letter, and don't continue writing after giving an answer.\n            \n            \""Output your reasoning and answer in the following format:\n\""\n            \""REASONING: <1-3 sentences>\n\""\n            \""ANSWER: <letter>\n\""\n            \""Do not include any other text.\""\n        \n            Do not output anything after this line.\n        ""}, {""role"": ""user"", ""content"": ""During the period from 1350 CE to 1887 CE in 'Kingdom of Sine', was 'Luxury Drink Alcohol' \u2013 defined as alcoholic beverages whose production, consumption, or trade was primarily associated with high social status, significant cost, or ceremonial exclusivity \u2013 present or absent? Strictly choose the correct label from the unordered set: {A, B, C}. A = present, B = absent, C = unknown""}]","{""usage.total_tokens"": 335, ""temperature"": 1}"
https://seshat-db.com/api/ec/luxury-drink-alcohol/,gemini-3.1-flash-lite,78,"REASONING: The Kingdom of Waalo, located in present-day Senegal, had established trade networks with European powers during this period, facilitating the import of luxury alcoholic beverages such as European wines and spirits. These imported goods were frequently consumed by the Wolof aristocracy and utilized in diplomatic exchanges, marking them as distinct items of elite status and economic investment.

ANSWER: A","","[{""role"": ""system"", ""content"": ""\n            You are a history expert with extensive knowledge of global history.\n        \n\n            You will be tasked to answer multiple-choice questions concerning the historical presence or absence of characteristics within the specified polity and time-frame, considering both direct evidence and historical inference. \n            The questions are always followed by the corresponding answer options.\n            Even if you are unsure always provide an answer based on the schema, only provide the corresponding letter, and don't continue writing after giving an answer.\n            \n            \""Output your reasoning and answer in the following format:\n\""\n            \""REASONING: <1-3 sentences>\n\""\n            \""ANSWER: <letter>\n\""\n            \""Do not include any other text.\""\n        \n            Do not output anything after this line.\n        ""}, {""role"": ""user"", ""content"": ""During the period from 1287 CE to 1855 CE, within 'Kingdom of Waalo', was 'Luxury Drink Alcohol', understood as alcoholic beverages whose production, acquisition, or consumption was primarily associated with elite status, significant economic investment, or specific ceremonial/diplomatic functions, present as a distinct and discernible social and economic category? Strictly choose the correct label from the unordered set: {A, C, B}. A = present, C = unknown, B = absent""}]","{""usage.total_tokens"": 343, ""temperature"": 1}"
https://seshat-db.com/api/ec/luxury-drink-alcohol/,gemini-3.1-flash-lite,79,"REASONING: Archaeological and literary evidence from the Anurādhapura period indicates the consumption of alcoholic beverages such as 'surā' or 'maireya', which were subject to regulation and often restricted to specific rituals or elite consumption, fitting the definition of luxury or specialized goods.
ANSWER: A","","[{""role"": ""system"", ""content"": ""\n            You are a history expert with extensive knowledge of global history.\n        \n\n            You will be tasked to answer multiple-choice questions concerning the historical presence or absence of characteristics within the specified polity and time-frame, considering both direct evidence and historical inference. \n            The questions are always followed by the corresponding answer options.\n            Even if you are unsure always provide an answer based on the schema, only provide the corresponding letter, and don't continue writing after giving an answer.\n            \n            \""Output your reasoning and answer in the following format:\n\""\n            \""REASONING: <1-3 sentences>\n\""\n            \""ANSWER: <letter>\n\""\n            \""Do not include any other text.\""\n        \n            Do not output anything after this line.\n        ""}, {""role"": ""user"", ""content"": ""During the period from 300 BCE to 70 CE, was Luxury Drink Alcohol, defined as alcoholic beverages whose primary historical significance within a given polity derived from their high cost, rarity, specialized production, or exclusive consumption by elite social strata or for significant ceremonial purposes, present or absent in 'Anur\u0101dhapura I'? Strictly choose the correct label from the unordered set: {A, C, B}. A = present, C = unknown, B = absent""}]","{""usage.total_tokens"": 324, ""temperature"": 1}"
https://seshat-db.com/api/ec/luxury-drink-alcohol/,gemini-3.1-flash-lite,80,"REASONING: During the Anurādhapura period, literary and archaeological sources indicate the consumption of imported wines and refined spirits by the royal court and elite classes, often linked to religious rituals and status display. These beverages, distinct from common toddy or grain-based drinks, signify the presence of luxury alcohol.

ANSWER: A","","[{""role"": ""system"", ""content"": ""\n            You are a history expert with extensive knowledge of global history.\n        \n\n            You will be tasked to answer multiple-choice questions concerning the historical presence or absence of characteristics within the specified polity and time-frame, considering both direct evidence and historical inference. \n            The questions are always followed by the corresponding answer options.\n            Even if you are unsure always provide an answer based on the schema, only provide the corresponding letter, and don't continue writing after giving an answer.\n            \n            \""Output your reasoning and answer in the following format:\n\""\n            \""REASONING: <1-3 sentences>\n\""\n            \""ANSWER: <letter>\n\""\n            \""Do not include any other text.\""\n        \n            Do not output anything after this line.\n        ""}, {""role"": ""user"", ""content"": ""Considering the period from 70 CE to 428 CE within 'Anur\u0101dhapura II', was Luxury Drink Alcohol, defined as alcoholic beverages whose production, acquisition, or consumption was primarily associated with elite social strata, signifying status, wealth, or ritual exclusivity, and distinguishing them from common or subsistence-level alcoholic drinks, present or absent? Strictly choose the correct label from the unordered set: {A, B, C}. A = present, B = absent, C = unknown""}]","{""usage.total_tokens"": 335, ""temperature"": 1}"
https://seshat-db.com/api/ec/luxury-drink-alcohol/,gemini-3.1-flash-lite,81,"REASONING: In the Anurādhapura Kingdom, historical and archaeological records indicate that fermented beverages like toddy and arrack were widely produced and consumed across various social strata, lacking the institutionalized elite exclusivity or specialized production requirements that define luxury commodities. While alcohol played roles in ritual and social life, there is no evidence that its consumption was structurally restricted to or served as a primary marker for the elite class.

ANSWER: B","","[{""role"": ""system"", ""content"": ""\n            You are a history expert with extensive knowledge of global history.\n        \n\n            You will be tasked to answer multiple-choice questions concerning the historical presence or absence of characteristics within the specified polity and time-frame, considering both direct evidence and historical inference. \n            The questions are always followed by the corresponding answer options.\n            Even if you are unsure always provide an answer based on the schema, only provide the corresponding letter, and don't continue writing after giving an answer.\n            \n            \""Output your reasoning and answer in the following format:\n\""\n            \""REASONING: <1-3 sentences>\n\""\n            \""ANSWER: <letter>\n\""\n            \""Do not include any other text.\""\n        \n            Do not output anything after this line.\n        ""}, {""role"": ""user"", ""content"": ""Considering the period from 428 CE to 614 CE in 'Anur\u0101dhapura III', did alcoholic beverages demonstrably function as 'Luxury Drink Alcohol', defined as beverages whose production, acquisition, or consumption patterns were primarily associated with elite social strata, significant economic investment, or served as markers of high social status or ritualistic exclusivity? Strictly choose the correct label from the unordered set: {A, C, B}. A = present, C = unknown, B = absent""}]","{""usage.total_tokens"": 355, ""temperature"": 1}"
https://seshat-db.com/api/ec/luxury-drink-alcohol/,gemini-3.1-flash-lite,82,"REASONING: Historical evidence from the Anuradhapura period indicates the presence of various fermented beverages, such as 'surā' or palm wine, which were integrated into both ritualistic and social consumption patterns, and were often subject to trade or taxation. These alcoholic drinks served as status markers in elite contexts, confirming their recognition as a socio-economic category.

ANSWER: A","","[{""role"": ""system"", ""content"": ""\n            You are a history expert with extensive knowledge of global history.\n        \n\n            You will be tasked to answer multiple-choice questions concerning the historical presence or absence of characteristics within the specified polity and time-frame, considering both direct evidence and historical inference. \n            The questions are always followed by the corresponding answer options.\n            Even if you are unsure always provide an answer based on the schema, only provide the corresponding letter, and don't continue writing after giving an answer.\n            \n            \""Output your reasoning and answer in the following format:\n\""\n            \""REASONING: <1-3 sentences>\n\""\n            \""ANSWER: <letter>\n\""\n            \""Do not include any other text.\""\n        \n            Do not output anything after this line.\n        ""}, {""role"": ""user"", ""content"": ""Considering the period from 614 CE to 1017 CE, was 'Luxury Drink Alcohol' present or absent as a distinct and recognized socio-economic category within the consumption patterns or trade networks of 'Anur\u0101dhapura IV'? Strictly choose the correct label from the unordered set: {C, B, A}. C = unknown, B = absent, A = present""}]","{""usage.total_tokens"": 323, ""temperature"": 1}"
https://seshat-db.com/api/ec/luxury-drink-alcohol/,gemini-3.1-flash-lite,83,"REASONING: The Tunni Sultanate, located in the Horn of Africa, followed Islamic traditions during this period, which generally forbade alcohol, and historical documentation from that era regarding specific social stratification based on alcoholic beverages is insufficient or non-existent.

ANSWER: C","","[{""role"": ""system"", ""content"": ""\n            You are a history expert with extensive knowledge of global history.\n        \n\n            You will be tasked to answer multiple-choice questions concerning the historical presence or absence of characteristics within the specified polity and time-frame, considering both direct evidence and historical inference. \n            The questions are always followed by the corresponding answer options.\n            Even if you are unsure always provide an answer based on the schema, only provide the corresponding letter, and don't continue writing after giving an answer.\n            \n            \""Output your reasoning and answer in the following format:\n\""\n            \""REASONING: <1-3 sentences>\n\""\n            \""ANSWER: <letter>\n\""\n            \""Do not include any other text.\""\n        \n            Do not output anything after this line.\n        ""}, {""role"": ""user"", ""content"": ""Considering 'Luxury Drink Alcohol,' defined as alcoholic beverages whose production, acquisition, or consumption was primarily associated with elite social status, significant economic cost, or specific ceremonial/diplomatic functions, was this category of beverages *explicitly distinguished* from common alcoholic drinks in the legal, economic, or social stratification systems of 'Tunni Sultanate' during the period from 800 CE to 1200 CE? Strictly choose the correct label from the unordered set: {A, C, B}. A = present, C = unknown, B = absent""}]","{""usage.total_tokens"": 335, ""temperature"": 1}"
https://seshat-db.com/api/ec/luxury-drink-alcohol/,gemini-3.1-flash-lite,84,"REASONING: During the Ayutthaya period, alcoholic beverages such as rice wine (lao) were produced and consumed locally, and foreign spirits were imported and traded, confirming their presence as commodities throughout the era.
ANSWER: A","","[{""role"": ""system"", ""content"": ""\n            You are a history expert with extensive knowledge of global history.\n        \n\n            You will be tasked to answer multiple-choice questions concerning the historical presence or absence of characteristics within the specified polity and time-frame, considering both direct evidence and historical inference. \n            The questions are always followed by the corresponding answer options.\n            Even if you are unsure always provide an answer based on the schema, only provide the corresponding letter, and don't continue writing after giving an answer.\n            \n            \""Output your reasoning and answer in the following format:\n\""\n            \""REASONING: <1-3 sentences>\n\""\n            \""ANSWER: <letter>\n\""\n            \""Do not include any other text.\""\n        \n            Do not output anything after this line.\n        ""}, {""role"": ""user"", ""content"": ""During the period from 1593 CE to 1767 CE, were alcoholic beverages considered and consumed as luxury items present or absent in 'Ayutthaya'? Strictly choose the correct label from the unordered set: {B, C, A}. B = absent, C = unknown, A = present""}]","{""usage.total_tokens"": 280, ""temperature"": 1}"
https://seshat-db.com/api/ec/luxury-drink-alcohol/,gemini-3.1-flash-lite,85,"REASONING: While Islamic law formally prohibited alcohol, Ottoman elites in the 16th and 17th centuries, including members of the imperial court and urban upper classes, frequently consumed high-quality wines and spirits, often imported or produced in specialized districts. This consumption was a well-documented aspect of elite social life, poetry, and diplomatic entertainment, despite sporadic official prohibitions.

ANSWER: A","","[{""role"": ""system"", ""content"": ""\n            You are a history expert with extensive knowledge of global history.\n        \n\n            You will be tasked to answer multiple-choice questions concerning the historical presence or absence of characteristics within the specified polity and time-frame, considering both direct evidence and historical inference. \n            The questions are always followed by the corresponding answer options.\n            Even if you are unsure always provide an answer based on the schema, only provide the corresponding letter, and don't continue writing after giving an answer.\n            \n            \""Output your reasoning and answer in the following format:\n\""\n            \""REASONING: <1-3 sentences>\n\""\n            \""ANSWER: <letter>\n\""\n            \""Do not include any other text.\""\n        \n            Do not output anything after this line.\n        ""}, {""role"": ""user"", ""content"": ""During the period from 1517 CE to 1683 CE in 'Ottoman Empire II', was 'Luxury Drink Alcohol' \u2013 understood as alcoholic beverages whose consumption was primarily associated with elite status, significant economic expenditure, or ceremonial exclusivity \u2013 present as a discernible feature of the society? Strictly choose the correct label from the unordered set: {A, C, B}. A = present, C = unknown, B = absent""}]","{""usage.total_tokens"": 339, ""temperature"": 1}"
https://seshat-db.com/api/ec/luxury-drink-alcohol/,gemini-3.1-flash-lite,86,"REASONING: In the Buhaya kingdoms of the Lake Victoria region, the production and consumption of banana beer (or pombe) were deeply embedded in hierarchical social structures, with specific fermented brews serving as markers of prestige and essential components of royal rituals and political patronage. These beverages required significant labor investment and were systematically controlled or distributed by elite authorities to reinforce social standing.

ANSWER: A","","[{""role"": ""system"", ""content"": ""\n            You are a history expert with extensive knowledge of global history.\n        \n\n            You will be tasked to answer multiple-choice questions concerning the historical presence or absence of characteristics within the specified polity and time-frame, considering both direct evidence and historical inference. \n            The questions are always followed by the corresponding answer options.\n            Even if you are unsure always provide an answer based on the schema, only provide the corresponding letter, and don't continue writing after giving an answer.\n            \n            \""Output your reasoning and answer in the following format:\n\""\n            \""REASONING: <1-3 sentences>\n\""\n            \""ANSWER: <letter>\n\""\n            \""Do not include any other text.\""\n        \n            Do not output anything after this line.\n        ""}, {""role"": ""user"", ""content"": ""Considering the period from 1700 CE to 1890 CE within 'Buhaya', was 'Luxury Drink Alcohol' \u2013 defined as alcoholic beverages whose production, consumption, or trade was systematically associated with elite status, significant economic investment, or specific ceremonial functions \u2013 a discernible and impactful category within the society? Strictly choose the correct label from the unordered set: {B, A, C}. B = absent, A = present, C = unknown""}]","{""usage.total_tokens"": 340, ""temperature"": 1}"
https://seshat-db.com/api/ec/luxury-drink-alcohol/,gemini-3.1-flash-lite,87,"REASONING: Archaeological and historical evidence for the Early Iron Age in East Africa indicates that while fermented beverages like grain-based beer were produced and consumed, they were generally ubiquitous within community and ritual settings rather than serving as exclusive markers of elite status or specialized wealth-based luxury. There is no clear evidence of a socially stratified ""luxury"" alcohol category distinct from common cultural practice during this period.

ANSWER: B","","[{""role"": ""system"", ""content"": ""\n            You are a history expert with extensive knowledge of global history.\n        \n\n            You will be tasked to answer multiple-choice questions concerning the historical presence or absence of characteristics within the specified polity and time-frame, considering both direct evidence and historical inference. \n            The questions are always followed by the corresponding answer options.\n            Even if you are unsure always provide an answer based on the schema, only provide the corresponding letter, and don't continue writing after giving an answer.\n            \n            \""Output your reasoning and answer in the following format:\n\""\n            \""REASONING: <1-3 sentences>\n\""\n            \""ANSWER: <letter>\n\""\n            \""Do not include any other text.\""\n        \n            Do not output anything after this line.\n        ""}, {""role"": ""user"", ""content"": ""During the period from 200 CE to 499 CE, was 'Luxury Drink Alcohol'\u2014defined as alcoholic beverages whose production, acquisition, or consumption was primarily indicative of elite status, significant wealth, or specialized ceremonial function\u2014a discernible and established category of consumption within 'Early East Africa Iron Age'? Strictly choose the correct label from the unordered set: {C, B, A}. C = unknown, B = absent, A = present""}]","{""usage.total_tokens"": 343, ""temperature"": 1}"
https://seshat-db.com/api/ec/luxury-drink-alcohol/,gemini-3.1-flash-lite,88,"REASONING: In the Kingdom of Karagwe, banana beer (rubisi) was a central component of social life and political ritual, particularly in the royal court where it was used in formal ceremonies and as a marker of the king's generosity and status. The production of refined varieties for the elite involved significant labor and social stratification, fitting the criteria for luxury consumption.

ANSWER: A","","[{""role"": ""system"", ""content"": ""\n            You are a history expert with extensive knowledge of global history.\n        \n\n            You will be tasked to answer multiple-choice questions concerning the historical presence or absence of characteristics within the specified polity and time-frame, considering both direct evidence and historical inference. \n            The questions are always followed by the corresponding answer options.\n            Even if you are unsure always provide an answer based on the schema, only provide the corresponding letter, and don't continue writing after giving an answer.\n            \n            \""Output your reasoning and answer in the following format:\n\""\n            \""REASONING: <1-3 sentences>\n\""\n            \""ANSWER: <letter>\n\""\n            \""Do not include any other text.\""\n        \n            Do not output anything after this line.\n        ""}, {""role"": ""user"", ""content"": ""Considering the period from 1500 CE to 1916 CE, was there documented evidence within 'Karagwe' of alcoholic beverages being consistently categorized and consumed as 'Luxury Drink Alcohol', defined as beverages whose production, trade, or consumption patterns were primarily indicative of elite social stratification, significant economic investment beyond basic sustenance, or specific ritualistic/status-affirming functions? Strictly choose the correct label from the unordered set: {B, A, C}. B = absent, A = present, C = unknown""}]","{""usage.total_tokens"": 354, ""temperature"": 1}"
https://seshat-db.com/api/ec/luxury-drink-alcohol/,gemini-3.1-flash-lite,89,"REASONING: In the Kingdom of Buganda during this period, banana beer (mwenge) was ubiquitous, but the consumption of potent distilled spirits and specific imported beverages served as markers of prestige and social hierarchy, often restricted to or preferred by the Kabaka and the elite classes to distinguish their status. This social differentiation through specific alcoholic consumption patterns is well-documented in historical accounts of Ganda society.

ANSWER: A","","[{""role"": ""system"", ""content"": ""\n            You are a history expert with extensive knowledge of global history.\n        \n\n            You will be tasked to answer multiple-choice questions concerning the historical presence or absence of characteristics within the specified polity and time-frame, considering both direct evidence and historical inference. \n            The questions are always followed by the corresponding answer options.\n            Even if you are unsure always provide an answer based on the schema, only provide the corresponding letter, and don't continue writing after giving an answer.\n            \n            \""Output your reasoning and answer in the following format:\n\""\n            \""REASONING: <1-3 sentences>\n\""\n            \""ANSWER: <letter>\n\""\n            \""Do not include any other text.\""\n        \n            Do not output anything after this line.\n        ""}, {""role"": ""user"", ""content"": ""During the period from 1717 CE to 1894 CE in 'Buganda II', was 'Luxury Drink Alcohol' \u2013 understood as alcoholic beverages whose consumption was explicitly recognized and utilized as a distinct marker of elite status and social differentiation \u2013 a discernible and significant category within the society's economic and social structures? Strictly choose the correct label from the unordered set: {C, A, B}. C = unknown, A = present, B = absent""}]","{""usage.total_tokens"": 348, ""temperature"": 1}"
https://seshat-db.com/api/ec/luxury-drink-alcohol/,gemini-3.1-flash-lite,90,"REASONING: The Bito dynasty refers to the historical kingdom of Bunyoro-Kitara in present-day Uganda. Historical records indicate that banana beer and other local alcoholic beverages were widely consumed across various social strata, and they did not function as exclusionary luxury goods restricted by rarity or high cost to an elite segment of the population.

ANSWER: B","","[{""role"": ""system"", ""content"": ""\n            You are a history expert with extensive knowledge of global history.\n        \n\n            You will be tasked to answer multiple-choice questions concerning the historical presence or absence of characteristics within the specified polity and time-frame, considering both direct evidence and historical inference. \n            The questions are always followed by the corresponding answer options.\n            Even if you are unsure always provide an answer based on the schema, only provide the corresponding letter, and don't continue writing after giving an answer.\n            \n            \""Output your reasoning and answer in the following format:\n\""\n            \""REASONING: <1-3 sentences>\n\""\n            \""ANSWER: <letter>\n\""\n            \""Do not include any other text.\""\n        \n            Do not output anything after this line.\n        ""}, {""role"": ""user"", ""content"": ""During the period from 1700 CE to 1894 CE, in the context of 'Bito Dynasty', was 'Luxury Drink Alcohol' \u2013 defined as alcoholic beverages whose consumption was primarily restricted by cost, rarity, or social status to an elite segment of the population \u2013 a discernible and significant element of elite social and economic practices? Strictly choose the correct label from the unordered set: {C, B, A}. C = unknown, B = absent, A = present""}]","{""usage.total_tokens"": 339, ""temperature"": 1}"
https://seshat-db.com/api/ec/luxury-drink-alcohol/,gemini-3.1-flash-lite,91,"REASONING: In the Kingdom of Nkore (Ankole), the primary alcoholic beverage was mwenge (banana beer), which was produced and consumed across all social strata; it served as a staple for social gatherings and ritual offerings rather than as a status-restricted luxury good. While certain grades or quantities might have been reserved for the Mugabe (king) or chiefs, there was no distinct, specialized category of ""luxury alcohol"" akin to imported wines or spirits that functioned as a marker of elite status during this period.

ANSWER: B","","[{""role"": ""system"", ""content"": ""\n            You are a history expert with extensive knowledge of global history.\n        \n\n            You will be tasked to answer multiple-choice questions concerning the historical presence or absence of characteristics within the specified polity and time-frame, considering both direct evidence and historical inference. \n            The questions are always followed by the corresponding answer options.\n            Even if you are unsure always provide an answer based on the schema, only provide the corresponding letter, and don't continue writing after giving an answer.\n            \n            \""Output your reasoning and answer in the following format:\n\""\n            \""REASONING: <1-3 sentences>\n\""\n            \""ANSWER: <letter>\n\""\n            \""Do not include any other text.\""\n        \n            Do not output anything after this line.\n        ""}, {""role"": ""user"", ""content"": ""For the period from 1750 CE to 1901 CE in 'Nkore', was 'Luxury Drink Alcohol' \u2013 defined as alcoholic beverages whose production, acquisition, and consumption were primarily restricted to or highly indicative of elite social status and wealth \u2013 demonstrably present as a distinct socio-economic category within the society? Strictly choose the correct label from the unordered set: {C, B, A}. C = unknown, B = absent, A = present""}]","{""usage.total_tokens"": 373, ""temperature"": 1}"
https://seshat-db.com/api/ec/luxury-drink-alcohol/,gemini-3.1-flash-lite,92,"REASONING: During the 19th century, the Toro Kingdom, located in modern-day Uganda, had a social hierarchy where the consumption of specific beverages, such as refined banana beer or honey mead, served as markers of status and prestige among the ruling class. These drinks were central to royal ceremonies and elite social rituals, fulfilling the criteria for luxury alcohol as a marker of distinction.

ANSWER: A","","[{""role"": ""system"", ""content"": ""\n            You are a history expert with extensive knowledge of global history.\n        \n\n            You will be tasked to answer multiple-choice questions concerning the historical presence or absence of characteristics within the specified polity and time-frame, considering both direct evidence and historical inference. \n            The questions are always followed by the corresponding answer options.\n            Even if you are unsure always provide an answer based on the schema, only provide the corresponding letter, and don't continue writing after giving an answer.\n            \n            \""Output your reasoning and answer in the following format:\n\""\n            \""REASONING: <1-3 sentences>\n\""\n            \""ANSWER: <letter>\n\""\n            \""Do not include any other text.\""\n        \n            Do not output anything after this line.\n        ""}, {""role"": ""user"", ""content"": ""During the period from 1830 CE to 1896 CE, was the concept of 'Luxury Drink Alcohol' \u2013 understood as alcoholic beverages explicitly valued and consumed as markers of high social status or economic distinction \u2013 present or absent in 'Toro'? Strictly choose the correct label from the unordered set: {A, C, B}. A = present, C = unknown, B = absent""}]","{""usage.total_tokens"": 334, ""temperature"": 1}"
https://seshat-db.com/api/ec/luxury-drink-alcohol/,gemini-3.1-flash-lite,93,"REASONING: While European alcohol was introduced and widely consumed within Haudenosaunee society during this period, it functioned primarily as a commodity for trade or social consumption rather than a status-restricted luxury drink confined to an elite social stratum. Traditional Haudenosaunee governance was egalitarian, lacking the rigid class structures where specific beverages were reserved exclusively for an elite class.

ANSWER: B","","[{""role"": ""system"", ""content"": ""\n            You are a history expert with extensive knowledge of global history.\n        \n\n            You will be tasked to answer multiple-choice questions concerning the historical presence or absence of characteristics within the specified polity and time-frame, considering both direct evidence and historical inference. \n            The questions are always followed by the corresponding answer options.\n            Even if you are unsure always provide an answer based on the schema, only provide the corresponding letter, and don't continue writing after giving an answer.\n            \n            \""Output your reasoning and answer in the following format:\n\""\n            \""REASONING: <1-3 sentences>\n\""\n            \""ANSWER: <letter>\n\""\n            \""Do not include any other text.\""\n        \n            Do not output anything after this line.\n        ""}, {""role"": ""user"", ""content"": ""During the period from 1714 CE to 1848 CE in 'Haudenosaunee Confederacy - Late', was 'Luxury Drink Alcohol' \u2013 defined as alcoholic beverages whose consumption was primarily restricted to elite social strata due to cost, rarity, or significant cultural/ritualistic value \u2013 present as a distinct and discernible category of consumption? Strictly choose the correct label from the unordered set: {C, A, B}. C = unknown, A = present, B = absent""}]","{""usage.total_tokens"": 348, ""temperature"": 1}"
https://seshat-db.com/api/ec/luxury-drink-alcohol/,gemini-3.1-flash-lite,94,"REASONING: In pre-colonial Hawaii, while 'awa (kava) was consumed, it was generally accessible to various social strata rather than being a restricted, high-expenditure ""luxury drink"" in the sense of distilled spirits or fermented wine found in other cultures. Fermented alcoholic beverages like 'okolehao were not introduced or developed until after European contact in the late 18th century.

ANSWER: B","","[{""role"": ""system"", ""content"": ""\n            You are a history expert with extensive knowledge of global history.\n        \n\n            You will be tasked to answer multiple-choice questions concerning the historical presence or absence of characteristics within the specified polity and time-frame, considering both direct evidence and historical inference. \n            The questions are always followed by the corresponding answer options.\n            Even if you are unsure always provide an answer based on the schema, only provide the corresponding letter, and don't continue writing after giving an answer.\n            \n            \""Output your reasoning and answer in the following format:\n\""\n            \""REASONING: <1-3 sentences>\n\""\n            \""ANSWER: <letter>\n\""\n            \""Do not include any other text.\""\n        \n            Do not output anything after this line.\n        ""}, {""role"": ""user"", ""content"": ""During the period from 1200 CE to 1580 CE in 'Hawaii II', was 'Luxury Drink Alcohol' \u2013 defined as alcoholic beverages whose consumption was primarily associated with elite status, significant economic expenditure, or specific ceremonial/social distinction beyond basic sustenance or common intoxication \u2013 a recognized and distinct category of consumption? Strictly choose the correct label from the unordered set: {A, B, C}. A = present, B = absent, C = unknown""}]","{""usage.total_tokens"": 351, ""temperature"": 1}"
https://seshat-db.com/api/ec/luxury-drink-alcohol/,gemini-3.1-flash-lite,95,"REASONING: During the specified period, Hawaiian society (pre-contact and early contact) consumed 'awa (kava), a ritually significant, prestige-associated, and labor-intensive beverage reserved primarily for chiefs and religious ceremonies, which fits the definition of a luxury drink.

ANSWER: A","","[{""role"": ""system"", ""content"": ""\n            You are a history expert with extensive knowledge of global history.\n        \n\n            You will be tasked to answer multiple-choice questions concerning the historical presence or absence of characteristics within the specified polity and time-frame, considering both direct evidence and historical inference. \n            The questions are always followed by the corresponding answer options.\n            Even if you are unsure always provide an answer based on the schema, only provide the corresponding letter, and don't continue writing after giving an answer.\n            \n            \""Output your reasoning and answer in the following format:\n\""\n            \""REASONING: <1-3 sentences>\n\""\n            \""ANSWER: <letter>\n\""\n            \""Do not include any other text.\""\n        \n            Do not output anything after this line.\n        ""}, {""role"": ""user"", ""content"": ""During the period from 1580 CE to 1778 CE, was Luxury Drink Alcohol, understood as alcoholic beverages whose production, acquisition, or consumption was primarily associated with elite social strata, involved significant economic investment, or served as a marker of high status or ceremonial importance, present or absent in 'Hawaii III'? Strictly choose the correct label from the unordered set: {C, B, A}. C = unknown, B = absent, A = present""}]","{""usage.total_tokens"": 324, ""temperature"": 1}"
https://seshat-db.com/api/ec/luxury-drink-alcohol/,gemini-3.1-flash-lite,96,"REASONING: During the reign of Kamehameha I, imported alcoholic beverages like wine and spirits were obtained through trade with Western vessels, serving as high-status prestige goods that were primarily consumed by the king and the aliʻi (chiefly class). These items were rare, expensive, and served as markers of social distinction, fitting the definition of luxury goods.

ANSWER: A","","[{""role"": ""system"", ""content"": ""\n            You are a history expert with extensive knowledge of global history.\n        \n\n            You will be tasked to answer multiple-choice questions concerning the historical presence or absence of characteristics within the specified polity and time-frame, considering both direct evidence and historical inference. \n            The questions are always followed by the corresponding answer options.\n            Even if you are unsure always provide an answer based on the schema, only provide the corresponding letter, and don't continue writing after giving an answer.\n            \n            \""Output your reasoning and answer in the following format:\n\""\n            \""REASONING: <1-3 sentences>\n\""\n            \""ANSWER: <letter>\n\""\n            \""Do not include any other text.\""\n        \n            Do not output anything after this line.\n        ""}, {""role"": ""user"", ""content"": ""Was 'Luxury Drink Alcohol' \u2013 defined as alcoholic beverages whose consumption was primarily restricted to an elite segment of society due to cost, rarity, or social significance \u2013 present or absent as a distinct category of goods within 'Kingdom of Hawaii - Kamehameha Period' from 1778 CE to 1819 CE? Strictly choose the correct label from the unordered set: {B, A, C}. B = absent, A = present, C = unknown""}]","{""usage.total_tokens"": 341, ""temperature"": 1}"
https://seshat-db.com/api/ec/luxury-drink-alcohol/,gemini-3.1-flash-lite,97,"REASONING: The Khanate of Bukhara, governed by the Astrakhanid dynasty during this period, was a deeply Islamic society where Sharia law heavily restricted the consumption of alcohol. While clandestine production existed, it never achieved the status of a legitimate ""luxury drink"" category associated with elite socio-economic markers in the way it did in contemporary Christian Europe or pre-Islamic traditions.

ANSWER: B","","[{""role"": ""system"", ""content"": ""\n            You are a history expert with extensive knowledge of global history.\n        \n\n            You will be tasked to answer multiple-choice questions concerning the historical presence or absence of characteristics within the specified polity and time-frame, considering both direct evidence and historical inference. \n            The questions are always followed by the corresponding answer options.\n            Even if you are unsure always provide an answer based on the schema, only provide the corresponding letter, and don't continue writing after giving an answer.\n            \n            \""Output your reasoning and answer in the following format:\n\""\n            \""REASONING: <1-3 sentences>\n\""\n            \""ANSWER: <letter>\n\""\n            \""Do not include any other text.\""\n        \n            Do not output anything after this line.\n        ""}, {""role"": ""user"", ""content"": ""Was 'Luxury Drink Alcohol' \u2013 understood as alcoholic beverages whose production, consumption, or trade was primarily associated with elite status or significant economic value \u2013 present or absent as a distinct socio-economic category within 'Khanate of Bukhara' during the period from 1599 CE to 1747 CE? Strictly choose the correct label from the unordered set: {A, C, B}. A = present, C = unknown, B = absent""}]","{""usage.total_tokens"": 344, ""temperature"": 1}"
https://seshat-db.com/api/ec/luxury-drink-alcohol/,gemini-3.1-flash-lite,98,"REASONING: The Imamate of Futa Toro was established through the Torodbe jihads, which were deeply rooted in Islamic reformist ideology that strictly prohibited the consumption and trade of alcohol. Historical evidence suggests that the state maintained a policy of religious austerity, making the presence of luxury alcohol as a socially accepted or recognized category highly unlikely.

ANSWER: B","","[{""role"": ""system"", ""content"": ""\n            You are a history expert with extensive knowledge of global history.\n        \n\n            You will be tasked to answer multiple-choice questions concerning the historical presence or absence of characteristics within the specified polity and time-frame, considering both direct evidence and historical inference. \n            The questions are always followed by the corresponding answer options.\n            Even if you are unsure always provide an answer based on the schema, only provide the corresponding letter, and don't continue writing after giving an answer.\n            \n            \""Output your reasoning and answer in the following format:\n\""\n            \""REASONING: <1-3 sentences>\n\""\n            \""ANSWER: <letter>\n\""\n            \""Do not include any other text.\""\n        \n            Do not output anything after this line.\n        ""}, {""role"": ""user"", ""content"": ""During the period from 1776 CE to 1860 CE, in the context of 'Imamate of Futa Toro', was 'Luxury Drink Alcohol' \u2013 understood as a distinct category of alcoholic beverages valued for their rarity, specialized production, or exclusive social consumption \u2013 demonstrably present? Strictly choose the correct label from the unordered set: {A, B, C}. A = present, B = absent, C = unknown""}]","{""usage.total_tokens"": 331, ""temperature"": 1}"
https://seshat-db.com/api/ec/luxury-drink-alcohol/,gemini-3.1-flash-lite,99,"REASONING: Anurādhapura was a sophisticated urban center with extensive trade networks connecting it to the Mediterranean and the Indian Ocean, facilitating the import of high-status goods like foreign wines. Historical evidence confirms that imported alcoholic beverages were accessible to the elite classes as symbols of prestige during this period.

ANSWER: A","","[{""role"": ""system"", ""content"": ""\n            You are a history expert with extensive knowledge of global history.\n        \n\n            You will be tasked to answer multiple-choice questions concerning the historical presence or absence of characteristics within the specified polity and time-frame, considering both direct evidence and historical inference. \n            The questions are always followed by the corresponding answer options.\n            Even if you are unsure always provide an answer based on the schema, only provide the corresponding letter, and don't continue writing after giving an answer.\n            \n            \""Output your reasoning and answer in the following format:\n\""\n            \""REASONING: <1-3 sentences>\n\""\n            \""ANSWER: <letter>\n\""\n            \""Do not include any other text.\""\n        \n            Do not output anything after this line.\n        ""}, {""role"": ""user"", ""content"": ""During the period from 70 CE to 428 CE, was 'Luxury Drink Alcohol' \u2013 defined as alcoholic beverages whose consumption or trade was primarily associated with status, high cost, or rarity \u2013 present as a distinct socio-economic phenomenon within 'Anur\u0101dhapura II'? Strictly choose the correct label from the unordered set: {A, C, B}. A = present, C = unknown, B = absent""}]","{""usage.total_tokens"": 319, ""temperature"": 1}"
https://seshat-db.com/api/ec/luxury-drink-alcohol/,gemini-3.1-flash-lite,100,"REASONING: The Kingdom of Waalo, located in present-day Senegal, had a social hierarchy where elites frequently consumed locally produced fermented beverages, such as palm wine and millet beer, during royal court ceremonies and social gatherings, marking these drinks as symbols of status and hospitality. These alcoholic beverages functioned as essential components of prestige and political exchange among the Waalo nobility.

ANSWER: A","","[{""role"": ""system"", ""content"": ""\n            You are a history expert with extensive knowledge of global history.\n        \n\n            You will be tasked to answer multiple-choice questions concerning the historical presence or absence of characteristics within the specified polity and time-frame, considering both direct evidence and historical inference. \n            The questions are always followed by the corresponding answer options.\n            Even if you are unsure always provide an answer based on the schema, only provide the corresponding letter, and don't continue writing after giving an answer.\n            \n            \""Output your reasoning and answer in the following format:\n\""\n            \""REASONING: <1-3 sentences>\n\""\n            \""ANSWER: <letter>\n\""\n            \""Do not include any other text.\""\n        \n            Do not output anything after this line.\n        ""}, {""role"": ""user"", ""content"": ""Considering the period from 1287 CE to 1855 CE within 'Kingdom of Waalo', was 'Luxury Drink Alcohol' \u2013 understood as alcoholic beverages whose production, acquisition, or consumption was primarily associated with elite status, significant economic expenditure, or specific ceremonial/social distinction \u2013 present or absent? Strictly choose the correct label from the unordered set: {C, B, A}. C = unknown, B = absent, A = present""}]","{""usage.total_tokens"": 338, ""temperature"": 1}"
https://seshat-db.com/api/ec/luxury-drink-alcohol/,gemini-3.1-flash-lite,101,"REASONING: The Emirate of Harar was a strictly observant Islamic state where the consumption and trade of alcohol were generally prohibited or heavily restricted by religious law, precluding its emergence as a formal category of elite status consumption. Historical records from this period consistently depict Harar as an Islamic center characterized by adherence to Sharia, which excludes luxury alcohol from elite social practices.

ANSWER: B","","[{""role"": ""system"", ""content"": ""\n            You are a history expert with extensive knowledge of global history.\n        \n\n            You will be tasked to answer multiple-choice questions concerning the historical presence or absence of characteristics within the specified polity and time-frame, considering both direct evidence and historical inference. \n            The questions are always followed by the corresponding answer options.\n            Even if you are unsure always provide an answer based on the schema, only provide the corresponding letter, and don't continue writing after giving an answer.\n            \n            \""Output your reasoning and answer in the following format:\n\""\n            \""REASONING: <1-3 sentences>\n\""\n            \""ANSWER: <letter>\n\""\n            \""Do not include any other text.\""\n        \n            Do not output anything after this line.\n        ""}, {""role"": ""user"", ""content"": ""Considering the period from 1650 CE to 1875 CE within 'Emirate of Harar', was 'Luxury Drink Alcohol' \u2013 understood as alcoholic beverages whose production, acquisition, or consumption was indicative of high social status or wealth \u2013 present as a discernible category of elite consumption? Strictly choose the correct label from the unordered set: {B, A, C}. B = absent, A = present, C = unknown""}]","{""usage.total_tokens"": 337, ""temperature"": 1}"
https://seshat-db.com/api/ec/luxury-drink-alcohol/,gemini-3.1-flash-lite,102,"REASONING: The Satavahana Empire engaged in extensive maritime and overland trade, importing high-quality wines (such as Italian amphorae) which were consumed by the elite classes, and developed local brewing traditions that differentiated between common and premium beverages. Archaeological findings and contemporary literary references confirm the availability and consumption of imported and refined luxury alcoholic products within the elite social strata.

ANSWER: A","","[{""role"": ""system"", ""content"": ""\n            You are a history expert with extensive knowledge of global history.\n        \n\n            You will be tasked to answer multiple-choice questions concerning the historical presence or absence of characteristics within the specified polity and time-frame, considering both direct evidence and historical inference. \n            The questions are always followed by the corresponding answer options.\n            Even if you are unsure always provide an answer based on the schema, only provide the corresponding letter, and don't continue writing after giving an answer.\n            \n            \""Output your reasoning and answer in the following format:\n\""\n            \""REASONING: <1-3 sentences>\n\""\n            \""ANSWER: <letter>\n\""\n            \""Do not include any other text.\""\n        \n            Do not output anything after this line.\n        ""}, {""role"": ""user"", ""content"": ""During the period from 100 BCE to 200 CE, was 'Luxury Drink Alcohol' \u2013 understood as alcoholic beverages distinguished by their high cost, rarity, specialized production, or exclusive consumption patterns \u2013 present or absent as a recognized category of goods or consumption practice within 'Satavahana Empire'? Strictly choose the correct label from the unordered set: {B, C, A}. B = absent, C = unknown, A = present""}]","{""usage.total_tokens"": 337, ""temperature"": 1}"
https://seshat-db.com/api/ec/luxury-drink-alcohol/,gemini-3.1-flash-lite,103,"REASONING: The Kingdom of Allada was a coastal West African state heavily involved in the Atlantic slave trade; historical records indicate that European luxury goods, including imported distilled spirits like brandy and rum, were highly valued as prestige items in royal courts and elite social exchanges. These alcoholic commodities functioned as status symbols in diplomatic and economic transactions between local elites and European traders.

ANSWER: A","","[{""role"": ""system"", ""content"": ""\n            You are a history expert with extensive knowledge of global history.\n        \n\n            You will be tasked to answer multiple-choice questions concerning the historical presence or absence of characteristics within the specified polity and time-frame, considering both direct evidence and historical inference. \n            The questions are always followed by the corresponding answer options.\n            Even if you are unsure always provide an answer based on the schema, only provide the corresponding letter, and don't continue writing after giving an answer.\n            \n            \""Output your reasoning and answer in the following format:\n\""\n            \""REASONING: <1-3 sentences>\n\""\n            \""ANSWER: <letter>\n\""\n            \""Do not include any other text.\""\n        \n            Do not output anything after this line.\n        ""}, {""role"": ""user"", ""content"": ""During the period from 1100 CE to 1724 CE, was 'Luxury Drink Alcohol' \u2013 defined as alcoholic beverages explicitly recognized and consumed for their high status, rarity, or significant economic value \u2013 present as a distinct category of consumption or commodity within 'Allada'? Strictly choose the correct label from the unordered set: {A, B, C}. A = present, B = absent, C = unknown""}]","{""usage.total_tokens"": 332, ""temperature"": 1}"
https://seshat-db.com/api/ec/luxury-drink-alcohol/,gemini-3.1-flash-lite,104,"REASONING: The Ǹrì Kingdom society was characterized by ritual austerity, strict taboos (nso), and a focus on religious hegemony rather than the accumulation of luxury goods for conspicuous consumption. While palm wine was ubiquitous, it functioned primarily as a ritual necessity rather than a distinct category of elite luxury beverages defined by specialized importation or extreme expenditure.

ANSWER: B","","[{""role"": ""system"", ""content"": ""\n            You are a history expert with extensive knowledge of global history.\n        \n\n            You will be tasked to answer multiple-choice questions concerning the historical presence or absence of characteristics within the specified polity and time-frame, considering both direct evidence and historical inference. \n            The questions are always followed by the corresponding answer options.\n            Even if you are unsure always provide an answer based on the schema, only provide the corresponding letter, and don't continue writing after giving an answer.\n            \n            \""Output your reasoning and answer in the following format:\n\""\n            \""REASONING: <1-3 sentences>\n\""\n            \""ANSWER: <letter>\n\""\n            \""Do not include any other text.\""\n        \n            Do not output anything after this line.\n        ""}, {""role"": ""user"", ""content"": ""Considering the period from 1043 CE to 1911 CE within '\u1ecc\u0300r\u00e0\u00e9z\u00e8 \u01f8r\u00ec', was 'Luxury Drink Alcohol' \u2013 understood as alcoholic beverages whose consumption was primarily associated with elite status, significant expenditure, or specialized production/importation beyond common sustenance or ritualistic use \u2013 demonstrably present as a distinct category of consumption? Strictly choose the correct label from the unordered set: {C, A, B}. C = unknown, A = present, B = absent""}]","{""usage.total_tokens"": 349, ""temperature"": 1}"
https://seshat-db.com/api/ec/luxury-drink-alcohol/,gemini-3.1-flash-lite,105,"REASONING: The Kingdom of Baol, located in present-day Senegal, engaged in trade with Europeans, particularly for spirits like brandy, which were often integrated into the consumption patterns of the local nobility and elite to demonstrate wealth and social status. These imported alcoholic goods functioned as luxury items within the political economy of the Wolof and Serer states during this era.

ANSWER: A","","[{""role"": ""system"", ""content"": ""\n            You are a history expert with extensive knowledge of global history.\n        \n\n            You will be tasked to answer multiple-choice questions concerning the historical presence or absence of characteristics within the specified polity and time-frame, considering both direct evidence and historical inference. \n            The questions are always followed by the corresponding answer options.\n            Even if you are unsure always provide an answer based on the schema, only provide the corresponding letter, and don't continue writing after giving an answer.\n            \n            \""Output your reasoning and answer in the following format:\n\""\n            \""REASONING: <1-3 sentences>\n\""\n            \""ANSWER: <letter>\n\""\n            \""Do not include any other text.\""\n        \n            Do not output anything after this line.\n        ""}, {""role"": ""user"", ""content"": ""During the period from 1550 CE to 1890 CE, was 'Luxury Drink Alcohol' \u2014 signifying alcoholic beverages whose production, trade, or consumption was distinctly associated with high status, significant cost, or exclusive social contexts \u2014 present or absent as a recognized socio-economic category within 'Kingdom of Baol'? Strictly choose the correct label from the unordered set: {B, C, A}. B = absent, C = unknown, A = present""}]","{""usage.total_tokens"": 341, ""temperature"": 1}"
https://seshat-db.com/api/ec/luxury-drink-alcohol/,gemini-3.1-flash-lite,106,"REASONING: The Kingdom of Jolof, located in present-day Senegal, had established trade networks with Europeans during this period, through which imported alcoholic beverages were introduced and integrated into local elite consumption patterns. Historical records indicate that alcohol, including imported spirits and wine, was a recognized luxury commodity and trade item in the Senegambia region.

ANSWER: A","","[{""role"": ""system"", ""content"": ""\n            You are a history expert with extensive knowledge of global history.\n        \n\n            You will be tasked to answer multiple-choice questions concerning the historical presence or absence of characteristics within the specified polity and time-frame, considering both direct evidence and historical inference. \n            The questions are always followed by the corresponding answer options.\n            Even if you are unsure always provide an answer based on the schema, only provide the corresponding letter, and don't continue writing after giving an answer.\n            \n            \""Output your reasoning and answer in the following format:\n\""\n            \""REASONING: <1-3 sentences>\n\""\n            \""ANSWER: <letter>\n\""\n            \""Do not include any other text.\""\n        \n            Do not output anything after this line.\n        ""}, {""role"": ""user"", ""content"": ""During the period from 1549 CE to 1865 CE, was 'Luxury Drink Alcohol' present or absent as a distinct category of goods or consumption practice in 'Kingdom of Jolof'? Strictly choose the correct label from the unordered set: {C, A, B}. C = unknown, A = present, B = absent""}]","{""usage.total_tokens"": 312, ""temperature"": 1}"
https://seshat-db.com/api/ec/luxury-drink-alcohol/,gemini-3.1-flash-lite,107,"REASONING: The Kingdom of Saloum, a Serer state in modern-day Senegal, engaged in the production and consumption of palm wine and locally brewed millet beer, which played central roles in traditional religious ceremonies, courtly rituals, and social stratification, fitting the criteria for luxury or prestige alcohol. Historical records confirm these beverages were integrated into the political and social hierarchy of the royal court.

ANSWER: A","","[{""role"": ""system"", ""content"": ""\n            You are a history expert with extensive knowledge of global history.\n        \n\n            You will be tasked to answer multiple-choice questions concerning the historical presence or absence of characteristics within the specified polity and time-frame, considering both direct evidence and historical inference. \n            The questions are always followed by the corresponding answer options.\n            Even if you are unsure always provide an answer based on the schema, only provide the corresponding letter, and don't continue writing after giving an answer.\n            \n            \""Output your reasoning and answer in the following format:\n\""\n            \""REASONING: <1-3 sentences>\n\""\n            \""ANSWER: <letter>\n\""\n            \""Do not include any other text.\""\n        \n            Do not output anything after this line.\n        ""}, {""role"": ""user"", ""content"": ""Was 'Luxury Drink Alcohol', defined as alcoholic beverages whose consumption, production, or trade was distinctly associated with elite status, ceremonial use, or significant economic value, present as a recognized category within the socio-economic landscape of 'Kingdom of Saloum' during the period from 1490 CE to 1863 CE? Strictly choose the correct label from the unordered set: {C, A, B}. C = unknown, A = present, B = absent""}]","{""usage.total_tokens"": 347, ""temperature"": 1}"
https://seshat-db.com/api/ec/luxury-drink-alcohol/,gemini-3.1-flash-lite,108,"REASONING: The Kingdom of Saloum, located in present-day Senegal, had historical trade interactions and local production of fermented beverages such as palm wine and grain-based beers, which were consumed by various social strata.

ANSWER: A","","[{""role"": ""system"", ""content"": ""\n            You are a history expert with extensive knowledge of global history.\n        \n\n            You will be tasked to answer multiple-choice questions concerning the historical presence or absence of characteristics within the specified polity and time-frame, considering both direct evidence and historical inference. \n            The questions are always followed by the corresponding answer options.\n            Even if you are unsure always provide an answer based on the schema, only provide the corresponding letter, and don't continue writing after giving an answer.\n            \n            \""Output your reasoning and answer in the following format:\n\""\n            \""REASONING: <1-3 sentences>\n\""\n            \""ANSWER: <letter>\n\""\n            \""Do not include any other text.\""\n        \n            Do not output anything after this line.\n        ""}, {""role"": ""user"", ""content"": ""During the period from 1490 CE to 1863 CE in 'Kingdom of Saloum', was 'Luxury Drink Alcohol' present or absent? Strictly choose the correct label from the unordered set: {C, B, A}. C = unknown, B = absent, A = present""}]","{""usage.total_tokens"": 279, ""temperature"": 1}"
https://seshat-db.com/api/ec/luxury-drink-alcohol/,gemini-3.1-flash-lite,109,"REASONING: The Kingdom of Sine, located in present-day Senegal, had a society where alcoholic beverages, particularly those derived from palm wine and local grains, played significant roles in ceremonial, religious, and social contexts. Consumption of certain fermented beverages and imported goods was restricted to or marked the status of the ruling elite and nobility.

ANSWER: A","","[{""role"": ""system"", ""content"": ""\n            You are a history expert with extensive knowledge of global history.\n        \n\n            You will be tasked to answer multiple-choice questions concerning the historical presence or absence of characteristics within the specified polity and time-frame, considering both direct evidence and historical inference. \n            The questions are always followed by the corresponding answer options.\n            Even if you are unsure always provide an answer based on the schema, only provide the corresponding letter, and don't continue writing after giving an answer.\n            \n            \""Output your reasoning and answer in the following format:\n\""\n            \""REASONING: <1-3 sentences>\n\""\n            \""ANSWER: <letter>\n\""\n            \""Do not include any other text.\""\n        \n            Do not output anything after this line.\n        ""}, {""role"": ""user"", ""content"": ""During the period from 1350 CE to 1887 CE, did a discernible category of 'Luxury Drink Alcohol', understood as alcoholic beverages whose consumption was primarily associated with elite status, high cost, or ceremonial significance, exist within 'Kingdom of Sine'? Strictly choose the correct label from the unordered set: {B, C, A}. B = absent, C = unknown, A = present""}]","{""usage.total_tokens"": 322, ""temperature"": 1}"
https://seshat-db.com/api/ec/luxury-drink-alcohol/,gemini-3.1-flash-lite,110,"REASONING: The Kingdom of Sine, a Serer state, maintained traditional consumption patterns where locally produced millet beer (cica) was a staple for both commoners and nobility, rather than having a distinct category of imported luxury alcohol exclusive to an elite class throughout the period. While some imported spirits became available during the late 19th-century trade era, they did not constitute a distinct, enduring category of elite social consumption within the traditional structures of the kingdom.

ANSWER: B","","[{""role"": ""system"", ""content"": ""\n            You are a history expert with extensive knowledge of global history.\n        \n\n            You will be tasked to answer multiple-choice questions concerning the historical presence or absence of characteristics within the specified polity and time-frame, considering both direct evidence and historical inference. \n            The questions are always followed by the corresponding answer options.\n            Even if you are unsure always provide an answer based on the schema, only provide the corresponding letter, and don't continue writing after giving an answer.\n            \n            \""Output your reasoning and answer in the following format:\n\""\n            \""REASONING: <1-3 sentences>\n\""\n            \""ANSWER: <letter>\n\""\n            \""Do not include any other text.\""\n        \n            Do not output anything after this line.\n        ""}, {""role"": ""user"", ""content"": ""Was 'Luxury Drink Alcohol', defined as alcoholic beverages primarily consumed by elites and associated with high social status and expenditure, present as a distinct category of consumption in 'Kingdom of Sine' during the period from 1350 CE to 1887 CE? Strictly choose the correct label from the unordered set: {C, B, A}. C = unknown, B = absent, A = present""}]","{""usage.total_tokens"": 349, ""temperature"": 1}"
https://seshat-db.com/api/ec/luxury-drink-alcohol/,gemini-3.1-flash-lite,111,"REASONING: The Kingdom of Waalo, located in present-day Senegal, engaged in extensive trade networks, including the trans-Saharan and later Atlantic trade, which facilitated the importation and consumption of alcoholic beverages such as European wines and spirits. Historical accounts of the Waalo nobility and elite social functions confirm that such commodities were recognized and consumed as luxury goods.

ANSWER: A","","[{""role"": ""system"", ""content"": ""\n            You are a history expert with extensive knowledge of global history.\n        \n\n            You will be tasked to answer multiple-choice questions concerning the historical presence or absence of characteristics within the specified polity and time-frame, considering both direct evidence and historical inference. \n            The questions are always followed by the corresponding answer options.\n            Even if you are unsure always provide an answer based on the schema, only provide the corresponding letter, and don't continue writing after giving an answer.\n            \n            \""Output your reasoning and answer in the following format:\n\""\n            \""REASONING: <1-3 sentences>\n\""\n            \""ANSWER: <letter>\n\""\n            \""Do not include any other text.\""\n        \n            Do not output anything after this line.\n        ""}, {""role"": ""user"", ""content"": ""During the period from 1287 CE to 1855 CE, was 'Luxury Drink Alcohol' present as a distinct and recognized category of consumption or commodity within 'Kingdom of Waalo'? Strictly choose the correct label from the unordered set: {B, C, A}. B = absent, C = unknown, A = present""}]","{""usage.total_tokens"": 314, ""temperature"": 1}"
https://seshat-db.com/api/ec/luxury-drink-alcohol/,gemini-3.1-flash-lite,112,"REASONING: The Kingdom of Cayor, located in modern-day Senegal, engaged in extensive trans-Saharan and transatlantic trade, where imported spirits such as brandy and wine were established as prestige goods used by the ruling elite for social and diplomatic exchange. Archaeological findings and historical travelogues confirm that alcohol was a significant luxury commodity incorporated into the consumption patterns of the Cayor nobility during this period.

ANSWER: A","","[{""role"": ""system"", ""content"": ""\n            You are a history expert with extensive knowledge of global history.\n        \n\n            You will be tasked to answer multiple-choice questions concerning the historical presence or absence of characteristics within the specified polity and time-frame, considering both direct evidence and historical inference. \n            The questions are always followed by the corresponding answer options.\n            Even if you are unsure always provide an answer based on the schema, only provide the corresponding letter, and don't continue writing after giving an answer.\n            \n            \""Output your reasoning and answer in the following format:\n\""\n            \""REASONING: <1-3 sentences>\n\""\n            \""ANSWER: <letter>\n\""\n            \""Do not include any other text.\""\n        \n            Do not output anything after this line.\n        ""}, {""role"": ""user"", ""content"": ""Considering the available historical and archaeological evidence for 'Kingdom of Cayor' between 1549 CE and 1864 CE, was the conceptual and material category of 'Luxury Drink Alcohol' demonstrably present or absent? Strictly choose the correct label from the unordered set: {B, C, A}. B = absent, C = unknown, A = present""}]","{""usage.total_tokens"": 327, ""temperature"": 1}"
