endpoint_identifier,model,entry_idx,output,reasoning,message,others
https://seshat-db.com/api/sc/mines-or-quarries/,gemini-2.5-flash,0,"","",[{}],"{""error"": ""Message is empty""}"
https://seshat-db.com/api/sc/mines-or-quarries/,gemini-2.5-flash,1,"","",[{}],"{""error"": ""Message is empty""}"
https://seshat-db.com/api/sc/mines-or-quarries/,gemini-2.5-flash,2,"","",[{}],"{""error"": ""Message is empty""}"
https://seshat-db.com/api/sc/mines-or-quarries/,gemini-2.5-flash,3,"","",[{}],"{""error"": ""Message is empty""}"
https://seshat-db.com/api/sc/mines-or-quarries/,gemini-2.5-flash,4,"","",[{}],"{""error"": ""Message is empty""}"
https://seshat-db.com/api/sc/mines-or-quarries/,gemini-2.5-flash,5,"","",[{}],"{""error"": ""Message is empty""}"
https://seshat-db.com/api/sc/mines-or-quarries/,gemini-2.5-flash,6,"","",[{}],"{""error"": ""Message is empty""}"
https://seshat-db.com/api/sc/mines-or-quarries/,gemini-2.5-flash,7,"","",[{}],"{""error"": ""Message is empty""}"
https://seshat-db.com/api/sc/mines-or-quarries/,gemini-2.5-flash,8,"","",[{}],"{""error"": ""Message is empty""}"
https://seshat-db.com/api/sc/mines-or-quarries/,gemini-2.5-flash,9,"","",[{}],"{""error"": ""Message is empty""}"
https://seshat-db.com/api/sc/mines-or-quarries/,gemini-2.5-flash,10,"","",[{}],"{""error"": ""Message is empty""}"
https://seshat-db.com/api/sc/mines-or-quarries/,gemini-2.5-flash,11,"","",[{}],"{""error"": ""Message is empty""}"
https://seshat-db.com/api/sc/mines-or-quarries/,gemini-2.5-flash,12,"","",[{}],"{""error"": ""Message is empty""}"
https://seshat-db.com/api/sc/mines-or-quarries/,gemini-2.5-flash,13,"","",[{}],"{""error"": ""Message is empty""}"
https://seshat-db.com/api/sc/mines-or-quarries/,gemini-2.5-flash,14,"","",[{}],"{""error"": ""Message is empty""}"
https://seshat-db.com/api/sc/mines-or-quarries/,gemini-2.5-flash,15,"","",[{}],"{""error"": ""Message is empty""}"
https://seshat-db.com/api/sc/mines-or-quarries/,gemini-2.5-flash,16,"","",[{}],"{""error"": ""Message is empty""}"
https://seshat-db.com/api/sc/mines-or-quarries/,gemini-2.5-flash,17,"","",[{}],"{""error"": ""Message is empty""}"
https://seshat-db.com/api/sc/mines-or-quarries/,gemini-2.5-flash,18,"","",[{}],"{""error"": ""Message is empty""}"
https://seshat-db.com/api/sc/mines-or-quarries/,gemini-2.5-flash,19,"","",[{}],"{""error"": ""Message is empty""}"
https://seshat-db.com/api/sc/mines-or-quarries/,gemini-2.5-flash,20,"","",[{}],"{""error"": ""Message is empty""}"
https://seshat-db.com/api/sc/mines-or-quarries/,gemini-2.5-flash,21,"","",[{}],"{""error"": ""Message is empty""}"
https://seshat-db.com/api/sc/mines-or-quarries/,gemini-2.5-flash,22,"","",[{}],"{""error"": ""Message is empty""}"
https://seshat-db.com/api/sc/mines-or-quarries/,gemini-2.5-flash,23,"","",[{}],"{""error"": ""Message is empty""}"
https://seshat-db.com/api/sc/mines-or-quarries/,gemini-2.5-flash,24,"","",[{}],"{""error"": ""Message is empty""}"
https://seshat-db.com/api/sc/mines-or-quarries/,gemini-2.5-flash,25,"","",[{}],"{""error"": ""Message is empty""}"
https://seshat-db.com/api/sc/mines-or-quarries/,gemini-2.5-flash,26,"","",[{}],"{""error"": ""Message is empty""}"
https://seshat-db.com/api/sc/mines-or-quarries/,gemini-2.5-flash,27,"","",[{}],"{""error"": ""Message is empty""}"
https://seshat-db.com/api/sc/mines-or-quarries/,gemini-2.5-flash,28,"","",[{}],"{""error"": ""Message is empty""}"
https://seshat-db.com/api/sc/mines-or-quarries/,gemini-2.5-flash,29,"","",[{}],"{""error"": ""Message is empty""}"
https://seshat-db.com/api/sc/mines-or-quarries/,gemini-2.5-flash,30,"","",[{}],"{""error"": ""Message is empty""}"
https://seshat-db.com/api/sc/mines-or-quarries/,gemini-2.5-flash,31,"","",[{}],"{""error"": ""Message is empty""}"
https://seshat-db.com/api/sc/mines-or-quarries/,gemini-2.5-flash,32,"","",[{}],"{""error"": ""Message is empty""}"
https://seshat-db.com/api/sc/mines-or-quarries/,gemini-2.5-flash,33,"","",[{}],"{""error"": ""Message is empty""}"
https://seshat-db.com/api/sc/mines-or-quarries/,gemini-2.5-flash,34,"","",[{}],"{""error"": ""Message is empty""}"
https://seshat-db.com/api/sc/mines-or-quarries/,gemini-2.5-flash,35,"","",[{}],"{""error"": ""Message is empty""}"
https://seshat-db.com/api/sc/mines-or-quarries/,gemini-2.5-flash,36,"","",[{}],"{""error"": ""Message is empty""}"
https://seshat-db.com/api/sc/mines-or-quarries/,gemini-2.5-flash,37,"","",[{}],"{""error"": ""Message is empty""}"
https://seshat-db.com/api/sc/mines-or-quarries/,gemini-2.5-flash,38,"","",[{}],"{""error"": ""Message is empty""}"
https://seshat-db.com/api/sc/mines-or-quarries/,gemini-2.5-flash,39,"","",[{}],"{""error"": ""Message is empty""}"
https://seshat-db.com/api/sc/mines-or-quarries/,gemini-2.5-flash,40,"","",[{}],"{""error"": ""Message is empty""}"
https://seshat-db.com/api/sc/mines-or-quarries/,gemini-2.5-flash,41,"","",[{}],"{""error"": ""Message is empty""}"
https://seshat-db.com/api/sc/mines-or-quarries/,gemini-2.5-flash,42,"","",[{}],"{""error"": ""Message is empty""}"
https://seshat-db.com/api/sc/mines-or-quarries/,gemini-2.5-flash,43,"","",[{}],"{""error"": ""Message is empty""}"
https://seshat-db.com/api/sc/mines-or-quarries/,gemini-2.5-flash,44,"","",[{}],"{""error"": ""Message is empty""}"
https://seshat-db.com/api/sc/mines-or-quarries/,gemini-2.5-flash,45,"","",[{}],"{""error"": ""Message is empty""}"
https://seshat-db.com/api/sc/mines-or-quarries/,gemini-2.5-flash,46,"","",[{}],"{""error"": ""Message is empty""}"
https://seshat-db.com/api/sc/mines-or-quarries/,gemini-2.5-flash,47,"","",[{}],"{""error"": ""Message is empty""}"
https://seshat-db.com/api/sc/mines-or-quarries/,gemini-2.5-flash,48,"","",[{}],"{""error"": ""Message is empty""}"
https://seshat-db.com/api/sc/mines-or-quarries/,gemini-2.5-flash,49,"","",[{}],"{""error"": ""Message is empty""}"
https://seshat-db.com/api/sc/mines-or-quarries/,gemini-2.5-flash,50,"","",[{}],"{""error"": ""Message is empty""}"
https://seshat-db.com/api/sc/mines-or-quarries/,gemini-2.5-flash,51,"","",[{}],"{""error"": ""Message is empty""}"
https://seshat-db.com/api/sc/mines-or-quarries/,gemini-2.5-flash,52,"","",[{}],"{""error"": ""Message is empty""}"
https://seshat-db.com/api/sc/mines-or-quarries/,gemini-2.5-flash,53,"","",[{}],"{""error"": ""Message is empty""}"
https://seshat-db.com/api/sc/mines-or-quarries/,gemini-2.5-flash,54,"","",[{}],"{""error"": ""Message is empty""}"
https://seshat-db.com/api/sc/mines-or-quarries/,gemini-2.5-flash,55,"","",[{}],"{""error"": ""Message is empty""}"
https://seshat-db.com/api/sc/mines-or-quarries/,gemini-2.5-flash,56,"","",[{}],"{""error"": ""Message is empty""}"
https://seshat-db.com/api/sc/mines-or-quarries/,gemini-2.5-flash,57,"","",[{}],"{""error"": ""Message is empty""}"
https://seshat-db.com/api/sc/mines-or-quarries/,gemini-2.5-flash,58,"","",[{}],"{""error"": ""Message is empty""}"
https://seshat-db.com/api/sc/mines-or-quarries/,gemini-2.5-flash,59,"","",[{}],"{""error"": ""Message is empty""}"
https://seshat-db.com/api/sc/mines-or-quarries/,gemini-2.5-flash,60,"","",[{}],"{""error"": ""Message is empty""}"
https://seshat-db.com/api/sc/mines-or-quarries/,gemini-2.5-flash,61,"","",[{}],"{""error"": ""Message is empty""}"
https://seshat-db.com/api/sc/mines-or-quarries/,gemini-2.5-flash,62,"","",[{}],"{""error"": ""Message is empty""}"
https://seshat-db.com/api/sc/mines-or-quarries/,gemini-2.5-flash,63,"","",[{}],"{""error"": ""Message is empty""}"
https://seshat-db.com/api/sc/mines-or-quarries/,gemini-2.5-flash,64,"","",[{}],"{""error"": ""Message is empty""}"
https://seshat-db.com/api/sc/mines-or-quarries/,gemini-2.5-flash,65,"","",[{}],"{""error"": ""Message is empty""}"
https://seshat-db.com/api/sc/mines-or-quarries/,gemini-2.5-flash,66,"","",[{}],"{""error"": ""Message is empty""}"
https://seshat-db.com/api/sc/mines-or-quarries/,gemini-2.5-flash,67,"","",[{}],"{""error"": ""Message is empty""}"
https://seshat-db.com/api/sc/mines-or-quarries/,gemini-2.5-flash,68,"","",[{}],"{""error"": ""Message is empty""}"
https://seshat-db.com/api/sc/mines-or-quarries/,gemini-2.5-flash,69,"","",[{}],"{""error"": ""Message is empty""}"
https://seshat-db.com/api/sc/mines-or-quarries/,gemini-2.5-flash,70,"","",[{}],"{""error"": ""Message is empty""}"
https://seshat-db.com/api/sc/mines-or-quarries/,gemini-2.5-flash,71,"","",[{}],"{""error"": ""Message is empty""}"
https://seshat-db.com/api/sc/mines-or-quarries/,gemini-2.5-flash,72,"","",[{}],"{""error"": ""Message is empty""}"
https://seshat-db.com/api/sc/mines-or-quarries/,gemini-2.5-flash,73,"","",[{}],"{""error"": ""Message is empty""}"
https://seshat-db.com/api/sc/mines-or-quarries/,gemini-2.5-flash,74,"","",[{}],"{""error"": ""Message is empty""}"
https://seshat-db.com/api/sc/mines-or-quarries/,gemini-2.5-flash,75,"","",[{}],"{""error"": ""Message is empty""}"
https://seshat-db.com/api/sc/mines-or-quarries/,gemini-2.5-flash,76,"","",[{}],"{""error"": ""Message is empty""}"
https://seshat-db.com/api/sc/mines-or-quarries/,gemini-2.5-flash,77,"","",[{}],"{""error"": ""Message is empty""}"
https://seshat-db.com/api/sc/mines-or-quarries/,gemini-2.5-flash,78,"","",[{}],"{""error"": ""Message is empty""}"
https://seshat-db.com/api/sc/mines-or-quarries/,gemini-2.5-flash,79,"","",[{}],"{""error"": ""Message is empty""}"
https://seshat-db.com/api/sc/mines-or-quarries/,gemini-2.5-flash,80,"","",[{}],"{""error"": ""Message is empty""}"
https://seshat-db.com/api/sc/mines-or-quarries/,gemini-2.5-flash,81,"","",[{}],"{""error"": ""Message is empty""}"
https://seshat-db.com/api/sc/mines-or-quarries/,gemini-2.5-flash,82,"","",[{}],"{""error"": ""Message is empty""}"
https://seshat-db.com/api/sc/mines-or-quarries/,gemini-2.5-flash,83,"","",[{}],"{""error"": ""Message is empty""}"
https://seshat-db.com/api/sc/mines-or-quarries/,gemini-2.5-flash,84,"","",[{}],"{""error"": ""Message is empty""}"
https://seshat-db.com/api/sc/mines-or-quarries/,gemini-2.5-flash,85,"","",[{}],"{""error"": ""Message is empty""}"
https://seshat-db.com/api/sc/mines-or-quarries/,gemini-2.5-flash,86,"","",[{}],"{""error"": ""Message is empty""}"
https://seshat-db.com/api/sc/mines-or-quarries/,gemini-2.5-flash,87,"","",[{}],"{""error"": ""Message is empty""}"
https://seshat-db.com/api/sc/mines-or-quarries/,gemini-2.5-flash,88,"","",[{}],"{""error"": ""Message is empty""}"
https://seshat-db.com/api/sc/mines-or-quarries/,gemini-2.5-flash,89,"","",[{}],"{""error"": ""Message is empty""}"
https://seshat-db.com/api/sc/mines-or-quarries/,gemini-2.5-flash,90,"","",[{}],"{""error"": ""Message is empty""}"
https://seshat-db.com/api/sc/mines-or-quarries/,gemini-2.5-flash,91,"","",[{}],"{""error"": ""Message is empty""}"
https://seshat-db.com/api/sc/mines-or-quarries/,gemini-2.5-flash,92,"","",[{}],"{""error"": ""Message is empty""}"
https://seshat-db.com/api/sc/mines-or-quarries/,gemini-2.5-flash,93,"","",[{}],"{""error"": ""Message is empty""}"
https://seshat-db.com/api/sc/mines-or-quarries/,gemini-2.5-flash,94,"","",[{}],"{""error"": ""Message is empty""}"
https://seshat-db.com/api/sc/mines-or-quarries/,gemini-2.5-flash,95,"","",[{}],"{""error"": ""Message is empty""}"
https://seshat-db.com/api/sc/mines-or-quarries/,gemini-2.5-flash,96,"","",[{}],"{""error"": ""Message is empty""}"
https://seshat-db.com/api/sc/mines-or-quarries/,gemini-2.5-flash,97,"","",[{}],"{""error"": ""Message is empty""}"
https://seshat-db.com/api/sc/mines-or-quarries/,gemini-2.5-flash,98,"","",[{}],"{""error"": ""Message is empty""}"
https://seshat-db.com/api/sc/mines-or-quarries/,gemini-2.5-flash,99,"","",[{}],"{""error"": ""Message is empty""}"
https://seshat-db.com/api/sc/mines-or-quarries/,gemini-2.5-flash,100,"","",[{}],"{""error"": ""Message is empty""}"
https://seshat-db.com/api/sc/mines-or-quarries/,gemini-2.5-flash,101,"","",[{}],"{""error"": ""Message is empty""}"
https://seshat-db.com/api/sc/mines-or-quarries/,gemini-2.5-flash,102,"","",[{}],"{""error"": ""Message is empty""}"
https://seshat-db.com/api/sc/mines-or-quarries/,gemini-2.5-flash,103,"","",[{}],"{""error"": ""Message is empty""}"
https://seshat-db.com/api/sc/mines-or-quarries/,gemini-2.5-flash,104,"","",[{}],"{""error"": ""Message is empty""}"
https://seshat-db.com/api/sc/mines-or-quarries/,gemini-2.5-flash,105,"","",[{}],"{""error"": ""Message is empty""}"
https://seshat-db.com/api/sc/mines-or-quarries/,gemini-2.5-flash,106,"","",[{}],"{""error"": ""Message is empty""}"
https://seshat-db.com/api/sc/mines-or-quarries/,gemini-2.5-flash,107,"","",[{}],"{""error"": ""Message is empty""}"
https://seshat-db.com/api/sc/mines-or-quarries/,gemini-2.5-flash,108,"","",[{}],"{""error"": ""Message is empty""}"
https://seshat-db.com/api/sc/mines-or-quarries/,gemini-2.5-flash,109,"","",[{}],"{""error"": ""Message is empty""}"
https://seshat-db.com/api/sc/mines-or-quarries/,gemini-2.5-flash,110,"","",[{}],"{""error"": ""Message is empty""}"
https://seshat-db.com/api/sc/mines-or-quarries/,gemini-2.5-flash,111,"","",[{}],"{""error"": ""Message is empty""}"
https://seshat-db.com/api/sc/mines-or-quarries/,gemini-2.5-flash,112,"","",[{}],"{""error"": ""Message is empty""}"
https://seshat-db.com/api/sc/mines-or-quarries/,gemini-2.5-flash,113,"","",[{}],"{""error"": ""Message is empty""}"
https://seshat-db.com/api/sc/mines-or-quarries/,gemini-2.5-flash,114,"","",[{}],"{""error"": ""Message is empty""}"
https://seshat-db.com/api/sc/mines-or-quarries/,gemini-2.5-flash,115,"","",[{}],"{""error"": ""Message is empty""}"
https://seshat-db.com/api/sc/mines-or-quarries/,gemini-2.5-flash,116,"","",[{}],"{""error"": ""Message is empty""}"
https://seshat-db.com/api/sc/mines-or-quarries/,gemini-2.5-flash,117,"","",[{}],"{""error"": ""Message is empty""}"
https://seshat-db.com/api/sc/mines-or-quarries/,gemini-2.5-flash,118,"","",[{}],"{""error"": ""Message is empty""}"
https://seshat-db.com/api/sc/mines-or-quarries/,gemini-2.5-flash,119,"","",[{}],"{""error"": ""Message is empty""}"
https://seshat-db.com/api/sc/mines-or-quarries/,gemini-2.5-flash,120,"","",[{}],"{""error"": ""Message is empty""}"
https://seshat-db.com/api/sc/mines-or-quarries/,gemini-2.5-flash,121,"","",[{}],"{""error"": ""Message is empty""}"
https://seshat-db.com/api/sc/mines-or-quarries/,gemini-2.5-flash,122,"","",[{}],"{""error"": ""Message is empty""}"
https://seshat-db.com/api/sc/mines-or-quarries/,gemini-2.5-flash,123,"","",[{}],"{""error"": ""Message is empty""}"
https://seshat-db.com/api/sc/mines-or-quarries/,gemini-2.5-flash,124,"","",[{}],"{""error"": ""Message is empty""}"
https://seshat-db.com/api/sc/mines-or-quarries/,gemini-2.5-flash,125,"","",[{}],"{""error"": ""Message is empty""}"
https://seshat-db.com/api/sc/mines-or-quarries/,gemini-2.5-flash,126,"","",[{}],"{""error"": ""Message is empty""}"
https://seshat-db.com/api/sc/mines-or-quarries/,gemini-2.5-flash,127,"","",[{}],"{""error"": ""Message is empty""}"
https://seshat-db.com/api/sc/mines-or-quarries/,gemini-2.5-flash,128,"","",[{}],"{""error"": ""Message is empty""}"
https://seshat-db.com/api/sc/mines-or-quarries/,gemini-2.5-flash,129,"","",[{}],"{""error"": ""Message is empty""}"
https://seshat-db.com/api/sc/mines-or-quarries/,gemini-2.5-flash,130,"","",[{}],"{""error"": ""Message is empty""}"
https://seshat-db.com/api/sc/mines-or-quarries/,gemini-2.5-flash,131,"","",[{}],"{""error"": ""Message is empty""}"
https://seshat-db.com/api/sc/mines-or-quarries/,gemini-2.5-flash,132,"","",[{}],"{""error"": ""Message is empty""}"
https://seshat-db.com/api/sc/mines-or-quarries/,gemini-2.5-flash,133,"","",[{}],"{""error"": ""Message is empty""}"
https://seshat-db.com/api/sc/mines-or-quarries/,gemini-2.5-flash,134,"","",[{}],"{""error"": ""Message is empty""}"
https://seshat-db.com/api/sc/mines-or-quarries/,gemini-2.5-flash,135,"","",[{}],"{""error"": ""Message is empty""}"
https://seshat-db.com/api/sc/mines-or-quarries/,gemini-2.5-flash,136,"","",[{}],"{""error"": ""Message is empty""}"
https://seshat-db.com/api/sc/mines-or-quarries/,gemini-2.5-flash,137,"","",[{}],"{""error"": ""Message is empty""}"
https://seshat-db.com/api/sc/mines-or-quarries/,gemini-2.5-flash,138,"","",[{}],"{""error"": ""Message is empty""}"
https://seshat-db.com/api/sc/mines-or-quarries/,gemini-2.5-flash,139,"","",[{}],"{""error"": ""Message is empty""}"
https://seshat-db.com/api/sc/mines-or-quarries/,gemini-2.5-flash,140,"","",[{}],"{""error"": ""Message is empty""}"
https://seshat-db.com/api/sc/mines-or-quarries/,gemini-2.5-flash,141,"","",[{}],"{""error"": ""Message is empty""}"
https://seshat-db.com/api/sc/mines-or-quarries/,gemini-2.5-flash,142,"","",[{}],"{""error"": ""Message is empty""}"
https://seshat-db.com/api/sc/mines-or-quarries/,gemini-2.5-flash,143,"","",[{}],"{""error"": ""Message is empty""}"
https://seshat-db.com/api/sc/mines-or-quarries/,gemini-2.5-flash,144,"","",[{}],"{""error"": ""Message is empty""}"
https://seshat-db.com/api/sc/mines-or-quarries/,gemini-2.5-flash,145,"","",[{}],"{""error"": ""Message is empty""}"
https://seshat-db.com/api/sc/mines-or-quarries/,gemini-2.5-flash,146,"","",[{}],"{""error"": ""Message is empty""}"
https://seshat-db.com/api/sc/mines-or-quarries/,gemini-2.5-flash,147,"","",[{}],"{""error"": ""Message is empty""}"
https://seshat-db.com/api/sc/mines-or-quarries/,gemini-2.5-flash,148,"","",[{}],"{""error"": ""Message is empty""}"
https://seshat-db.com/api/sc/mines-or-quarries/,gemini-2.5-flash,149,"","",[{}],"{""error"": ""Message is empty""}"
https://seshat-db.com/api/sc/mines-or-quarries/,gemini-2.5-flash,150,"","",[{}],"{""error"": ""Message is empty""}"
https://seshat-db.com/api/sc/mines-or-quarries/,gemini-2.5-flash,151,"","",[{}],"{""error"": ""Message is empty""}"
https://seshat-db.com/api/sc/mines-or-quarries/,gemini-2.5-flash,152,"","",[{}],"{""error"": ""Message is empty""}"
https://seshat-db.com/api/sc/mines-or-quarries/,gemini-2.5-flash,153,"","",[{}],"{""error"": ""Message is empty""}"
https://seshat-db.com/api/sc/mines-or-quarries/,gemini-2.5-flash,154,"","",[{}],"{""error"": ""Message is empty""}"
https://seshat-db.com/api/sc/mines-or-quarries/,gemini-2.5-flash,155,"","",[{}],"{""error"": ""Message is empty""}"
https://seshat-db.com/api/sc/mines-or-quarries/,gemini-2.5-flash,156,"","",[{}],"{""error"": ""Message is empty""}"
https://seshat-db.com/api/sc/mines-or-quarries/,gemini-2.5-flash,157,"","",[{}],"{""error"": ""Message is empty""}"
https://seshat-db.com/api/sc/mines-or-quarries/,gemini-2.5-flash,158,"","",[{}],"{""error"": ""Message is empty""}"
https://seshat-db.com/api/sc/mines-or-quarries/,gemini-2.5-flash,159,"","",[{}],"{""error"": ""Message is empty""}"
https://seshat-db.com/api/sc/mines-or-quarries/,gemini-2.5-flash,160,"","",[{}],"{""error"": ""Message is empty""}"
https://seshat-db.com/api/sc/mines-or-quarries/,gemini-2.5-flash,161,"","",[{}],"{""error"": ""Message is empty""}"
https://seshat-db.com/api/sc/mines-or-quarries/,gemini-2.5-flash,162,"","",[{}],"{""error"": ""Message is empty""}"
https://seshat-db.com/api/sc/mines-or-quarries/,gemini-2.5-flash,163,"","",[{}],"{""error"": ""Message is empty""}"
https://seshat-db.com/api/sc/mines-or-quarries/,gemini-2.5-flash,164,"","",[{}],"{""error"": ""Message is empty""}"
https://seshat-db.com/api/sc/mines-or-quarries/,gemini-2.5-flash,165,"","",[{}],"{""error"": ""Message is empty""}"
https://seshat-db.com/api/sc/mines-or-quarries/,gemini-2.5-flash,166,"","",[{}],"{""error"": ""Message is empty""}"
https://seshat-db.com/api/sc/mines-or-quarries/,gemini-2.5-flash,167,"","",[{}],"{""error"": ""Message is empty""}"
https://seshat-db.com/api/sc/mines-or-quarries/,gemini-2.5-flash,168,"","",[{}],"{""error"": ""Message is empty""}"
https://seshat-db.com/api/sc/mines-or-quarries/,gemini-2.5-flash,169,"","",[{}],"{""error"": ""Message is empty""}"
https://seshat-db.com/api/sc/mines-or-quarries/,gemini-2.5-flash,170,"","",[{}],"{""error"": ""Message is empty""}"
https://seshat-db.com/api/sc/mines-or-quarries/,gemini-2.5-flash,171,"","",[{}],"{""error"": ""Message is empty""}"
https://seshat-db.com/api/sc/mines-or-quarries/,gemini-2.5-flash,172,"","",[{}],"{""error"": ""Message is empty""}"
https://seshat-db.com/api/sc/mines-or-quarries/,gemini-2.5-flash,173,"","",[{}],"{""error"": ""Message is empty""}"
https://seshat-db.com/api/sc/mines-or-quarries/,gemini-2.5-flash,174,"","",[{}],"{""error"": ""Message is empty""}"
https://seshat-db.com/api/sc/mines-or-quarries/,gemini-2.5-flash,175,"","",[{}],"{""error"": ""Message is empty""}"
https://seshat-db.com/api/sc/mines-or-quarries/,gemini-2.5-flash,176,"","",[{}],"{""error"": ""Message is empty""}"
https://seshat-db.com/api/sc/mines-or-quarries/,gemini-2.5-flash,177,"","",[{}],"{""error"": ""Message is empty""}"
https://seshat-db.com/api/sc/mines-or-quarries/,gemini-2.5-flash,178,"","",[{}],"{""error"": ""Message is empty""}"
https://seshat-db.com/api/sc/mines-or-quarries/,gemini-2.5-flash,179,"","",[{}],"{""error"": ""Message is empty""}"
https://seshat-db.com/api/sc/mines-or-quarries/,gemini-2.5-flash,180,"","",[{}],"{""error"": ""Message is empty""}"
https://seshat-db.com/api/sc/mines-or-quarries/,gemini-2.5-flash,181,"","",[{}],"{""error"": ""Message is empty""}"
https://seshat-db.com/api/sc/mines-or-quarries/,gemini-2.5-flash,182,"","",[{}],"{""error"": ""Message is empty""}"
https://seshat-db.com/api/sc/mines-or-quarries/,gemini-2.5-flash,183,"","",[{}],"{""error"": ""Message is empty""}"
https://seshat-db.com/api/sc/mines-or-quarries/,gemini-2.5-flash,184,"","",[{}],"{""error"": ""Message is empty""}"
https://seshat-db.com/api/sc/mines-or-quarries/,gemini-2.5-flash,185,"","",[{}],"{""error"": ""Message is empty""}"
https://seshat-db.com/api/sc/mines-or-quarries/,gemini-2.5-flash,186,"","",[{}],"{""error"": ""Message is empty""}"
https://seshat-db.com/api/sc/mines-or-quarries/,gemini-2.5-flash,187,"","",[{}],"{""error"": ""Message is empty""}"
https://seshat-db.com/api/sc/mines-or-quarries/,gemini-2.5-flash,188,"","",[{}],"{""error"": ""Message is empty""}"
https://seshat-db.com/api/sc/mines-or-quarries/,gemini-2.5-flash,189,"","",[{}],"{""error"": ""Message is empty""}"
https://seshat-db.com/api/sc/mines-or-quarries/,gemini-2.5-flash,190,"","",[{}],"{""error"": ""Message is empty""}"
https://seshat-db.com/api/sc/mines-or-quarries/,gemini-2.5-flash,191,"","",[{}],"{""error"": ""Message is empty""}"
https://seshat-db.com/api/sc/mines-or-quarries/,gemini-2.5-flash,192,"","",[{}],"{""error"": ""Message is empty""}"
https://seshat-db.com/api/sc/mines-or-quarries/,gemini-2.5-flash,193,"","",[{}],"{""error"": ""Message is empty""}"
https://seshat-db.com/api/sc/mines-or-quarries/,gemini-2.5-flash,194,"","",[{}],"{""error"": ""Message is empty""}"
https://seshat-db.com/api/sc/mines-or-quarries/,gemini-2.5-flash,195,"","",[{}],"{""error"": ""Message is empty""}"
https://seshat-db.com/api/sc/mines-or-quarries/,gemini-2.5-flash,196,"","",[{}],"{""error"": ""Message is empty""}"
https://seshat-db.com/api/sc/mines-or-quarries/,gemini-2.5-flash,197,"","",[{}],"{""error"": ""Message is empty""}"
https://seshat-db.com/api/sc/mines-or-quarries/,gemini-2.5-flash,198,"","",[{}],"{""error"": ""Message is empty""}"
https://seshat-db.com/api/sc/mines-or-quarries/,gemini-2.5-flash,199,"","",[{}],"{""error"": ""Message is empty""}"
https://seshat-db.com/api/sc/mines-or-quarries/,gemini-2.5-flash,200,"","",[{}],"{""error"": ""Message is empty""}"
https://seshat-db.com/api/sc/mines-or-quarries/,gemini-2.5-flash,201,"","",[{}],"{""error"": ""Message is empty""}"
https://seshat-db.com/api/sc/mines-or-quarries/,gemini-2.5-flash,202,"","",[{}],"{""error"": ""Message is empty""}"
https://seshat-db.com/api/sc/mines-or-quarries/,gemini-2.5-flash,203,"","",[{}],"{""error"": ""Message is empty""}"
https://seshat-db.com/api/sc/mines-or-quarries/,gemini-2.5-flash,204,"","",[{}],"{""error"": ""Message is empty""}"
https://seshat-db.com/api/sc/mines-or-quarries/,gemini-2.5-flash,205,"","",[{}],"{""error"": ""Message is empty""}"
https://seshat-db.com/api/sc/mines-or-quarries/,gemini-2.5-flash,206,"","",[{}],"{""error"": ""Message is empty""}"
https://seshat-db.com/api/sc/mines-or-quarries/,gemini-2.5-flash,207,"","",[{}],"{""error"": ""Message is empty""}"
https://seshat-db.com/api/sc/mines-or-quarries/,gemini-2.5-flash,208,"","",[{}],"{""error"": ""Message is empty""}"
https://seshat-db.com/api/sc/mines-or-quarries/,gemini-2.5-flash,209,"","",[{}],"{""error"": ""Message is empty""}"
https://seshat-db.com/api/sc/mines-or-quarries/,gemini-2.5-flash,210,"","",[{}],"{""error"": ""Message is empty""}"
https://seshat-db.com/api/sc/mines-or-quarries/,gemini-2.5-flash,211,"","",[{}],"{""error"": ""Message is empty""}"
https://seshat-db.com/api/sc/mines-or-quarries/,gemini-2.5-flash,212,"","",[{}],"{""error"": ""Message is empty""}"
https://seshat-db.com/api/sc/mines-or-quarries/,gemini-2.5-flash,213,"","",[{}],"{""error"": ""Message is empty""}"
https://seshat-db.com/api/sc/mines-or-quarries/,gemini-2.5-flash,214,"","",[{}],"{""error"": ""Message is empty""}"
https://seshat-db.com/api/sc/mines-or-quarries/,gemini-2.5-flash,215,"","",[{}],"{""error"": ""Message is empty""}"
https://seshat-db.com/api/sc/mines-or-quarries/,gemini-2.5-flash,216,"","",[{}],"{""error"": ""Message is empty""}"
https://seshat-db.com/api/sc/mines-or-quarries/,gemini-2.5-flash,217,"","",[{}],"{""error"": ""Message is empty""}"
https://seshat-db.com/api/sc/mines-or-quarries/,gemini-2.5-flash,218,"","",[{}],"{""error"": ""Message is empty""}"
https://seshat-db.com/api/sc/mines-or-quarries/,gemini-2.5-flash,219,"","",[{}],"{""error"": ""Message is empty""}"
https://seshat-db.com/api/sc/mines-or-quarries/,gemini-2.5-flash,220,"","",[{}],"{""error"": ""Message is empty""}"
https://seshat-db.com/api/sc/mines-or-quarries/,gemini-2.5-flash,221,"","",[{}],"{""error"": ""Message is empty""}"
https://seshat-db.com/api/sc/mines-or-quarries/,gemini-2.5-flash,222,"","",[{}],"{""error"": ""Message is empty""}"
https://seshat-db.com/api/sc/mines-or-quarries/,gemini-2.5-flash,223,"","",[{}],"{""error"": ""Message is empty""}"
https://seshat-db.com/api/sc/mines-or-quarries/,gemini-2.5-flash,224,"","",[{}],"{""error"": ""Message is empty""}"
https://seshat-db.com/api/sc/mines-or-quarries/,gemini-2.5-flash,225,"","",[{}],"{""error"": ""Message is empty""}"
https://seshat-db.com/api/sc/mines-or-quarries/,gemini-2.5-flash,226,"","",[{}],"{""error"": ""Message is empty""}"
https://seshat-db.com/api/sc/mines-or-quarries/,gemini-2.5-flash,227,"","",[{}],"{""error"": ""Message is empty""}"
https://seshat-db.com/api/sc/mines-or-quarries/,gemini-2.5-flash,228,"","",[{}],"{""error"": ""Message is empty""}"
https://seshat-db.com/api/sc/mines-or-quarries/,gemini-2.5-flash,229,"","",[{}],"{""error"": ""Message is empty""}"
https://seshat-db.com/api/sc/mines-or-quarries/,gemini-2.5-flash,230,"","",[{}],"{""error"": ""Message is empty""}"
https://seshat-db.com/api/sc/mines-or-quarries/,gemini-2.5-flash,231,"","",[{}],"{""error"": ""Message is empty""}"
https://seshat-db.com/api/sc/mines-or-quarries/,gemini-2.5-flash,232,"","",[{}],"{""error"": ""Message is empty""}"
https://seshat-db.com/api/sc/mines-or-quarries/,gemini-2.5-flash,233,"","",[{}],"{""error"": ""Message is empty""}"
https://seshat-db.com/api/sc/mines-or-quarries/,gemini-2.5-flash,234,"","",[{}],"{""error"": ""Message is empty""}"
https://seshat-db.com/api/sc/mines-or-quarries/,gemini-2.5-flash,235,"","",[{}],"{""error"": ""Message is empty""}"
https://seshat-db.com/api/sc/mines-or-quarries/,gemini-2.5-flash,236,"","",[{}],"{""error"": ""Message is empty""}"
https://seshat-db.com/api/sc/mines-or-quarries/,gemini-2.5-flash,237,"","",[{}],"{""error"": ""Message is empty""}"
https://seshat-db.com/api/sc/mines-or-quarries/,gemini-2.5-flash,238,"","",[{}],"{""error"": ""Message is empty""}"
https://seshat-db.com/api/sc/mines-or-quarries/,gemini-2.5-flash,239,"","",[{}],"{""error"": ""Message is empty""}"
https://seshat-db.com/api/sc/mines-or-quarries/,gemini-2.5-flash,240,"","",[{}],"{""error"": ""Message is empty""}"
https://seshat-db.com/api/sc/mines-or-quarries/,gemini-2.5-flash,241,"","",[{}],"{""error"": ""Message is empty""}"
https://seshat-db.com/api/sc/mines-or-quarries/,gemini-2.5-flash,242,"","",[{}],"{""error"": ""Message is empty""}"
https://seshat-db.com/api/sc/mines-or-quarries/,gemini-2.5-flash,243,"","",[{}],"{""error"": ""Message is empty""}"
https://seshat-db.com/api/sc/mines-or-quarries/,gemini-2.5-flash,244,"","",[{}],"{""error"": ""Message is empty""}"
https://seshat-db.com/api/sc/mines-or-quarries/,gemini-2.5-flash,245,"","",[{}],"{""error"": ""Message is empty""}"
https://seshat-db.com/api/sc/mines-or-quarries/,gemini-2.5-flash,246,"","",[{}],"{""error"": ""Message is empty""}"
https://seshat-db.com/api/sc/mines-or-quarries/,gemini-2.5-flash,247,"","",[{}],"{""error"": ""Message is empty""}"
https://seshat-db.com/api/sc/mines-or-quarries/,gemini-2.5-flash,248,"","",[{}],"{""error"": ""Message is empty""}"
https://seshat-db.com/api/sc/mines-or-quarries/,gemini-2.5-flash,249,"","",[{}],"{""error"": ""Message is empty""}"
https://seshat-db.com/api/sc/mines-or-quarries/,gemini-2.5-flash,250,"","",[{}],"{""error"": ""Message is empty""}"
https://seshat-db.com/api/sc/mines-or-quarries/,gemini-2.5-flash,251,"","",[{}],"{""error"": ""Message is empty""}"
https://seshat-db.com/api/sc/mines-or-quarries/,gemini-2.5-flash,252,"","",[{}],"{""error"": ""Message is empty""}"
https://seshat-db.com/api/sc/mines-or-quarries/,gemini-2.5-flash,253,"","",[{}],"{""error"": ""Message is empty""}"
https://seshat-db.com/api/sc/mines-or-quarries/,gemini-2.5-flash,254,"","",[{}],"{""error"": ""Message is empty""}"
https://seshat-db.com/api/sc/mines-or-quarries/,gemini-2.5-flash,255,"","",[{}],"{""error"": ""Message is empty""}"
https://seshat-db.com/api/sc/mines-or-quarries/,gemini-2.5-flash,256,"","",[{}],"{""error"": ""Message is empty""}"
https://seshat-db.com/api/sc/mines-or-quarries/,gemini-2.5-flash,257,"","",[{}],"{""error"": ""Message is empty""}"
https://seshat-db.com/api/sc/mines-or-quarries/,gemini-2.5-flash,258,"","",[{}],"{""error"": ""Message is empty""}"
https://seshat-db.com/api/sc/mines-or-quarries/,gemini-2.5-flash,259,"","",[{}],"{""error"": ""Message is empty""}"
https://seshat-db.com/api/sc/mines-or-quarries/,gemini-2.5-flash,260,"","",[{}],"{""error"": ""Message is empty""}"
https://seshat-db.com/api/sc/mines-or-quarries/,gemini-2.5-flash,261,"","",[{}],"{""error"": ""Message is empty""}"
https://seshat-db.com/api/sc/mines-or-quarries/,gemini-2.5-flash,262,"","",[{}],"{""error"": ""Message is empty""}"
https://seshat-db.com/api/sc/mines-or-quarries/,gemini-2.5-flash,263,"","",[{}],"{""error"": ""Message is empty""}"
https://seshat-db.com/api/sc/mines-or-quarries/,gemini-2.5-flash,264,"","",[{}],"{""error"": ""Message is empty""}"
https://seshat-db.com/api/sc/mines-or-quarries/,gemini-2.5-flash,265,"","",[{}],"{""error"": ""Message is empty""}"
https://seshat-db.com/api/sc/mines-or-quarries/,gemini-2.5-flash,266,"","",[{}],"{""error"": ""Message is empty""}"
https://seshat-db.com/api/sc/mines-or-quarries/,gemini-2.5-flash,267,"","",[{}],"{""error"": ""Message is empty""}"
https://seshat-db.com/api/sc/mines-or-quarries/,gemini-2.5-flash,268,"","",[{}],"{""error"": ""Message is empty""}"
https://seshat-db.com/api/sc/mines-or-quarries/,gemini-2.5-flash,269,"","",[{}],"{""error"": ""Message is empty""}"
https://seshat-db.com/api/sc/mines-or-quarries/,gemini-2.5-flash,270,"","",[{}],"{""error"": ""Message is empty""}"
https://seshat-db.com/api/sc/mines-or-quarries/,gemini-2.5-flash,271,"","",[{}],"{""error"": ""Message is empty""}"
https://seshat-db.com/api/sc/mines-or-quarries/,gemini-2.5-flash,272,"","",[{}],"{""error"": ""Message is empty""}"
https://seshat-db.com/api/sc/mines-or-quarries/,gemini-2.5-flash,273,"","",[{}],"{""error"": ""Message is empty""}"
https://seshat-db.com/api/sc/mines-or-quarries/,gemini-2.5-flash,274,"","",[{}],"{""error"": ""Message is empty""}"
https://seshat-db.com/api/sc/mines-or-quarries/,gemini-2.5-flash,275,"","",[{}],"{""error"": ""Message is empty""}"
https://seshat-db.com/api/sc/mines-or-quarries/,gemini-2.5-flash,276,"","",[{}],"{""error"": ""Message is empty""}"
https://seshat-db.com/api/sc/mines-or-quarries/,gemini-2.5-flash,277,"","",[{}],"{""error"": ""Message is empty""}"
https://seshat-db.com/api/sc/mines-or-quarries/,gemini-2.5-flash,278,"","",[{}],"{""error"": ""Message is empty""}"
https://seshat-db.com/api/sc/mines-or-quarries/,gemini-2.5-flash,279,"","",[{}],"{""error"": ""Message is empty""}"
https://seshat-db.com/api/sc/mines-or-quarries/,gemini-2.5-flash,280,"","",[{}],"{""error"": ""Message is empty""}"
https://seshat-db.com/api/sc/mines-or-quarries/,gemini-2.5-flash,281,"","",[{}],"{""error"": ""Message is empty""}"
https://seshat-db.com/api/sc/mines-or-quarries/,gemini-2.5-flash,282,"","",[{}],"{""error"": ""Message is empty""}"
https://seshat-db.com/api/sc/mines-or-quarries/,gemini-2.5-flash,283,"","",[{}],"{""error"": ""Message is empty""}"
https://seshat-db.com/api/sc/mines-or-quarries/,gemini-2.5-flash,284,"","",[{}],"{""error"": ""Message is empty""}"
https://seshat-db.com/api/sc/mines-or-quarries/,gemini-2.5-flash,285,"","",[{}],"{""error"": ""Message is empty""}"
https://seshat-db.com/api/sc/mines-or-quarries/,gemini-2.5-flash,286,"","",[{}],"{""error"": ""Message is empty""}"
https://seshat-db.com/api/sc/mines-or-quarries/,gemini-2.5-flash,287,"","",[{}],"{""error"": ""Message is empty""}"
https://seshat-db.com/api/sc/mines-or-quarries/,gemini-2.5-flash,288,"","",[{}],"{""error"": ""Message is empty""}"
https://seshat-db.com/api/sc/mines-or-quarries/,gemini-2.5-flash,289,"","",[{}],"{""error"": ""Message is empty""}"
https://seshat-db.com/api/sc/mines-or-quarries/,gemini-2.5-flash,290,"","",[{}],"{""error"": ""Message is empty""}"
https://seshat-db.com/api/sc/mines-or-quarries/,gemini-2.5-flash,291,"","",[{}],"{""error"": ""Message is empty""}"
https://seshat-db.com/api/sc/mines-or-quarries/,gemini-2.5-flash,292,"","",[{}],"{""error"": ""Message is empty""}"
https://seshat-db.com/api/sc/mines-or-quarries/,gemini-2.5-flash,293,"","",[{}],"{""error"": ""Message is empty""}"
https://seshat-db.com/api/sc/mines-or-quarries/,gemini-2.5-flash,294,"","",[{}],"{""error"": ""Message is empty""}"
https://seshat-db.com/api/sc/mines-or-quarries/,gemini-2.5-flash,295,"","",[{}],"{""error"": ""Message is empty""}"
https://seshat-db.com/api/sc/mines-or-quarries/,gemini-2.5-flash,296,"","",[{}],"{""error"": ""Message is empty""}"
https://seshat-db.com/api/sc/mines-or-quarries/,gemini-2.5-flash,297,"","",[{}],"{""error"": ""Message is empty""}"
https://seshat-db.com/api/sc/mines-or-quarries/,gemini-2.5-flash,298,"","",[{}],"{""error"": ""Message is empty""}"
https://seshat-db.com/api/sc/mines-or-quarries/,gemini-2.5-flash,299,"","",[{}],"{""error"": ""Message is empty""}"
https://seshat-db.com/api/sc/mines-or-quarries/,gemini-2.5-flash,300,"","",[{}],"{""error"": ""Message is empty""}"
https://seshat-db.com/api/sc/mines-or-quarries/,gemini-2.5-flash,301,"","",[{}],"{""error"": ""Message is empty""}"
https://seshat-db.com/api/sc/mines-or-quarries/,gemini-2.5-flash,302,"","",[{}],"{""error"": ""Message is empty""}"
https://seshat-db.com/api/sc/mines-or-quarries/,gemini-2.5-flash,303,"","",[{}],"{""error"": ""Message is empty""}"
https://seshat-db.com/api/sc/mines-or-quarries/,gemini-2.5-flash,304,"","",[{}],"{""error"": ""Message is empty""}"
https://seshat-db.com/api/sc/mines-or-quarries/,gemini-2.5-flash,305,"","",[{}],"{""error"": ""Message is empty""}"
https://seshat-db.com/api/sc/mines-or-quarries/,gemini-2.5-flash,306,"","",[{}],"{""error"": ""Message is empty""}"
https://seshat-db.com/api/sc/mines-or-quarries/,gemini-2.5-flash,307,"","",[{}],"{""error"": ""Message is empty""}"
https://seshat-db.com/api/sc/mines-or-quarries/,gemini-2.5-flash,308,"","",[{}],"{""error"": ""Message is empty""}"
https://seshat-db.com/api/sc/mines-or-quarries/,gemini-2.5-flash,309,"","",[{}],"{""error"": ""Message is empty""}"
https://seshat-db.com/api/sc/mines-or-quarries/,gemini-2.5-flash,310,"","",[{}],"{""error"": ""Message is empty""}"
https://seshat-db.com/api/sc/mines-or-quarries/,gemini-2.5-flash,311,"","",[{}],"{""error"": ""Message is empty""}"
https://seshat-db.com/api/sc/mines-or-quarries/,gemini-2.5-flash,312,"","",[{}],"{""error"": ""Message is empty""}"
https://seshat-db.com/api/sc/mines-or-quarries/,gemini-2.5-flash,313,"","",[{}],"{""error"": ""Message is empty""}"
https://seshat-db.com/api/sc/mines-or-quarries/,gemini-2.5-flash,314,"","",[{}],"{""error"": ""Message is empty""}"
https://seshat-db.com/api/sc/mines-or-quarries/,gemini-2.5-flash,315,"","",[{}],"{""error"": ""Message is empty""}"
https://seshat-db.com/api/sc/mines-or-quarries/,gemini-2.5-flash,316,"","",[{}],"{""error"": ""Message is empty""}"
https://seshat-db.com/api/sc/mines-or-quarries/,gemini-2.5-flash,317,"","",[{}],"{""error"": ""Message is empty""}"
https://seshat-db.com/api/sc/mines-or-quarries/,gemini-2.5-flash,318,"","",[{}],"{""error"": ""Message is empty""}"
https://seshat-db.com/api/sc/mines-or-quarries/,gemini-2.5-flash,319,"","",[{}],"{""error"": ""Message is empty""}"
https://seshat-db.com/api/sc/mines-or-quarries/,gemini-2.5-flash,320,"","",[{}],"{""error"": ""Message is empty""}"
https://seshat-db.com/api/sc/mines-or-quarries/,gemini-2.5-flash,321,"","",[{}],"{""error"": ""Message is empty""}"
https://seshat-db.com/api/sc/mines-or-quarries/,gemini-2.5-flash,322,"","",[{}],"{""error"": ""Message is empty""}"
https://seshat-db.com/api/sc/mines-or-quarries/,gemini-2.5-flash,323,"","",[{}],"{""error"": ""Message is empty""}"
https://seshat-db.com/api/sc/mines-or-quarries/,gemini-2.5-flash,324,"","",[{}],"{""error"": ""Message is empty""}"
https://seshat-db.com/api/sc/mines-or-quarries/,gemini-2.5-flash,325,"","",[{}],"{""error"": ""Message is empty""}"
https://seshat-db.com/api/sc/mines-or-quarries/,gemini-2.5-flash,326,"","",[{}],"{""error"": ""Message is empty""}"
https://seshat-db.com/api/sc/mines-or-quarries/,gemini-2.5-flash,327,"","",[{}],"{""error"": ""Message is empty""}"
https://seshat-db.com/api/sc/mines-or-quarries/,gemini-2.5-flash,328,"","",[{}],"{""error"": ""Message is empty""}"
https://seshat-db.com/api/sc/mines-or-quarries/,gemini-2.5-flash,329,"","",[{}],"{""error"": ""Message is empty""}"
https://seshat-db.com/api/sc/mines-or-quarries/,gemini-2.5-flash,330,"","",[{}],"{""error"": ""Message is empty""}"
https://seshat-db.com/api/sc/mines-or-quarries/,gemini-2.5-flash,331,"","",[{}],"{""error"": ""Message is empty""}"
https://seshat-db.com/api/sc/mines-or-quarries/,gemini-2.5-flash,332,"","",[{}],"{""error"": ""Message is empty""}"
https://seshat-db.com/api/sc/mines-or-quarries/,gemini-2.5-flash,333,"","",[{}],"{""error"": ""Message is empty""}"
https://seshat-db.com/api/sc/mines-or-quarries/,gemini-2.5-flash,334,"","",[{}],"{""error"": ""Message is empty""}"
https://seshat-db.com/api/sc/mines-or-quarries/,gemini-2.5-flash,335,"","",[{}],"{""error"": ""Message is empty""}"
https://seshat-db.com/api/sc/mines-or-quarries/,gemini-2.5-flash,336,"","",[{}],"{""error"": ""Message is empty""}"
https://seshat-db.com/api/sc/mines-or-quarries/,gemini-2.5-flash,337,"","",[{}],"{""error"": ""Message is empty""}"
https://seshat-db.com/api/sc/mines-or-quarries/,gemini-2.5-flash,338,"","",[{}],"{""error"": ""Message is empty""}"
https://seshat-db.com/api/sc/mines-or-quarries/,gemini-2.5-flash,339,"","",[{}],"{""error"": ""Message is empty""}"
https://seshat-db.com/api/sc/mines-or-quarries/,gemini-2.5-flash,340,"","",[{}],"{""error"": ""Message is empty""}"
https://seshat-db.com/api/sc/mines-or-quarries/,gemini-2.5-flash,341,"","",[{}],"{""error"": ""Message is empty""}"
https://seshat-db.com/api/sc/mines-or-quarries/,gemini-2.5-flash,342,"","",[{}],"{""error"": ""Message is empty""}"
https://seshat-db.com/api/sc/mines-or-quarries/,gemini-2.5-flash,343,"","",[{}],"{""error"": ""Message is empty""}"
https://seshat-db.com/api/sc/mines-or-quarries/,gemini-2.5-flash,344,"","",[{}],"{""error"": ""Message is empty""}"
https://seshat-db.com/api/sc/mines-or-quarries/,gemini-2.5-flash,345,"","",[{}],"{""error"": ""Message is empty""}"
https://seshat-db.com/api/sc/mines-or-quarries/,gemini-2.5-flash,346,"","",[{}],"{""error"": ""Message is empty""}"
https://seshat-db.com/api/sc/mines-or-quarries/,gemini-2.5-flash,347,"","",[{}],"{""error"": ""Message is empty""}"
https://seshat-db.com/api/sc/mines-or-quarries/,gemini-2.5-flash,348,"","",[{}],"{""error"": ""Message is empty""}"
https://seshat-db.com/api/sc/mines-or-quarries/,gemini-2.5-flash,349,"","",[{}],"{""error"": ""Message is empty""}"
https://seshat-db.com/api/sc/mines-or-quarries/,gemini-2.5-flash,350,"","",[{}],"{""error"": ""Message is empty""}"
https://seshat-db.com/api/sc/mines-or-quarries/,gemini-2.5-flash,351,"","",[{}],"{""error"": ""Message is empty""}"
https://seshat-db.com/api/sc/mines-or-quarries/,gemini-2.5-flash,352,"","",[{}],"{""error"": ""Message is empty""}"
https://seshat-db.com/api/sc/mines-or-quarries/,gemini-2.5-flash,353,"","",[{}],"{""error"": ""Message is empty""}"
https://seshat-db.com/api/sc/mines-or-quarries/,gemini-2.5-flash,354,"","",[{}],"{""error"": ""Message is empty""}"
https://seshat-db.com/api/sc/mines-or-quarries/,gemini-2.5-flash,355,"","",[{}],"{""error"": ""Message is empty""}"
https://seshat-db.com/api/sc/mines-or-quarries/,gemini-2.5-flash,356,"","",[{}],"{""error"": ""Message is empty""}"
https://seshat-db.com/api/sc/mines-or-quarries/,gemini-2.5-flash,357,"","",[{}],"{""error"": ""Message is empty""}"
https://seshat-db.com/api/sc/mines-or-quarries/,gemini-2.5-flash,358,"","",[{}],"{""error"": ""Message is empty""}"
https://seshat-db.com/api/sc/mines-or-quarries/,gemini-2.5-flash,359,"","",[{}],"{""error"": ""Message is empty""}"
https://seshat-db.com/api/sc/mines-or-quarries/,gemini-2.5-flash,360,"","",[{}],"{""error"": ""Message is empty""}"
https://seshat-db.com/api/sc/mines-or-quarries/,gemini-2.5-flash,361,"","",[{}],"{""error"": ""Message is empty""}"
https://seshat-db.com/api/sc/mines-or-quarries/,gemini-2.5-flash,362,"","",[{}],"{""error"": ""Message is empty""}"
https://seshat-db.com/api/sc/mines-or-quarries/,gemini-2.5-flash,363,"","",[{}],"{""error"": ""Message is empty""}"
https://seshat-db.com/api/sc/mines-or-quarries/,gemini-2.5-flash,364,"","",[{}],"{""error"": ""Message is empty""}"
https://seshat-db.com/api/sc/mines-or-quarries/,gemini-2.5-flash,365,"","",[{}],"{""error"": ""Message is empty""}"
